    1   0.0000000000E+00
    2   5.8381314632E+04
    3   4.6400835165E+04
    4   3.6362552150E+04
    5   2.9467504955E+04
    6   2.4649968235E+04
    7   2.1148759786E+04
    8   1.8514140110E+04
    9   1.6472650223E+04
   10   1.4851482199E+04
   11   1.3537479401E+04
   12   1.2454072028E+04
   13   1.1547884462E+04
   14   1.0780712897E+04
   15   1.0124568587E+04
   16   9.5585230009E+03
   17   9.0666437797E+03
   18   8.6366099725E+03
   19   8.2587616739E+03
   20   7.9254343275E+03
   21   7.6304838203E+03
   22   7.3689421214E+03
   23   7.1367639668E+03
   24   6.9306381930E+03
   25   6.7478457684E+03
   26   6.5861521287E+03
   27   6.4437251524E+03
   28   6.3190726644E+03
   29   6.2109951387E+03
   30   6.1185505500E+03
   31   6.0410292700E+03
   32   5.9779376384E+03
   33   5.9289894434E+03
   34   5.8941050976E+03
   35   5.8734188469E+03
   36   5.8672949723E+03
   37   5.8763547250E+03
   38   5.9015167795E+03
   39   5.9440554902E+03
   40   6.0056832633E+03
   41   6.0885182725E+03
   42   0.0000000000E+00
   43   5.8381314632E+04
   44   5.8381314632E+04
   45   4.6400835165E+04
   46   3.6362552150E+04
   47   2.9467504955E+04
   48   2.4649968235E+04
   49   2.1148759786E+04
   50   1.8514140110E+04
   51   1.6472650223E+04
   52   1.4851482199E+04
   53   1.3537479401E+04
   54   1.2454072028E+04
   55   1.1547884462E+04
   56   1.0780712897E+04
   57   1.0124568587E+04
   58   9.5585230009E+03
   59   9.0666437797E+03
   60   8.6366099725E+03
   61   8.2587616739E+03
   62   7.9254343275E+03
   63   7.6304838203E+03
   64   7.3689421214E+03
   65   7.1367639668E+03
   66   6.9306381930E+03
   67   6.7478457684E+03
   68   6.5861521287E+03
   69   6.4437251524E+03
   70   6.3190726644E+03
   71   6.2109951387E+03
   72   6.1185505500E+03
   73   6.0410292700E+03
   74   5.9779376384E+03
   75   5.9289894434E+03
   76   5.8941050976E+03
   77   5.8734188469E+03
   78   5.8672949723E+03
   79   5.8763547250E+03
   80   5.9015167795E+03
   81   5.9440554902E+03
   82   6.0056832633E+03
   83   6.0885182725E+03
   84   6.0882088841E+03
   85   2.7905655835E+04
   86   2.7905655835E+04
   87   1.2223703799E+04
   88   5.9622487365E+03
   89   3.2607616117E+03
   90   1.9538611297E+03
   91   1.2577898448E+03
   92   8.5717463864E+02
   93   6.1161925339E+02
   94   4.5313421086E+02
   95   3.4638134264E+02
   96   2.7185964997E+02
   97   2.1824460035E+02
   98   1.7866617846E+02
   99   1.4879670710E+02
  100   1.2581938958E+02
  101   1.0784766239E+02
  102   9.3585816389E+01
  103   8.2123937301E+01
  104   7.2810293230E+01
  105   6.5169798168E+01
  106   5.8850669525E+01
  107   5.3588781237E+01
  108   4.9183382266E+01
  109   4.5480270401E+01
  110   4.2359952749E+01
  111   3.9729203303E+01
  112   3.7514975802E+01
  113   3.5659978629E+01
  114   3.4119444785E+01
  115   3.2858780069E+01
  116   3.1851874617E+01
  117   3.1079934731E+01
  118   3.0530744973E+01
  119   3.0198312994E+01
  120   3.0082887864E+01
  121   3.0191382739E+01
  122   3.0538281572E+01
  123   3.1147177045E+01
  124   3.2053185565E+01
  125   3.3303891112E+01
  126   3.3302478411E+01
  127   1.2647169029E+04
  128   1.2647169029E+04
  129   3.1677463178E+03
  130   9.7689961594E+02
  131   3.6208102534E+02
  132   1.5529624968E+02
  133   7.4833520497E+01
  134   3.9603610419E+01
  135   2.2616912430E+01
  136   1.3749856368E+01
  137   8.8061382146E+00
  138   5.8934803297E+00
  139   4.0954165980E+00
  140   2.9402130692E+00
  141   2.1720147045E+00
  142   1.6456267482E+00
  143   1.2753345661E+00
  144   1.0087509944E+00
  145   8.1286022868E-01
  146   6.6627877016E-01
  147   5.5481462546E-01
  148   4.6883986948E-01
  149   4.0169267252E-01
  150   3.4868093669E-01
  151   3.0644687569E-01
  152   2.7255341206E-01
  153   2.4520994007E-01
  154   2.2308747052E-01
  155   2.0519222931E-01
  156   1.9077822114E-01
  157   1.7928628654E-01
  158   1.7030158253E-01
  159   1.6352424748E-01
  160   1.5874989281E-01
  161   1.5585788360E-01
  162   1.5480637953E-01
  163   1.5563400140E-01
  164   1.5846894269E-01
  165   1.6354758032E-01
  166   1.7124644571E-01
  167   1.8210380646E-01
  168   1.8209659727E-01
  169   5.4206249518E+03
  170   5.4206249518E+03
  171   8.2584419178E+02
  172   1.6498408031E+02
  173   4.1612277094E+01
  174   1.2713421674E+01
  175   4.5506215486E+00
  176   1.8563971058E+00
  177   8.4347289406E-01
  178   4.1893310811E-01
  179   2.2410058582E-01
  180   1.2761589698E-01
  181   7.6657455407E-02
  182   4.8222042564E-02
  183   3.1583700522E-02
  184   2.1437500911E-02
  185   1.5021743478E-02
  186   1.0832682922E-02
  187   8.0184193128E-03
  188   6.0790250739E-03
  189   4.7117302569E-03
  190   3.7278994193E-03
  191   3.0069617065E-03
  192   2.4700460960E-03
  193   2.0644657258E-03
  194   1.7543517956E-03
  195   1.5148672375E-03
  196   1.3285559760E-03
  197   1.1829954602E-03
  198   1.0692620507E-03
  199   9.8091413328E-04
  200   9.1331227708E-04
  201   8.6316438561E-04
  202   8.2822655605E-04
  203   8.0711698616E-04
  204   7.9921914784E-04
  205   8.0466518998E-04
  206   8.2440343020E-04
  207   8.6037036364E-04
  208   9.1581083000E-04
  209   9.9555654839E-04
  210   9.9551969128E-04
  211   2.1921264237E+03
  212   2.1921264237E+03
  213   2.2151871089E+02
  214   2.9924843245E+01
  215   5.1941817096E+00
  216   1.1220172514E+00
  217   2.9367480071E-01
  218   9.0838543081E-02
  219   3.2391252778E-02
  220   1.3010758134E-02
  221   5.7718241875E-03
  222   2.7830337051E-03
  223   1.4402512462E-03
  224   7.9206131092E-04
  225   4.5926161714E-04
  226   2.7899806789E-04
  227   1.7666882936E-04
  228   1.1612265616E-04
  229   7.8953173250E-05
  230   5.5369222558E-05
  231   3.9954842804E-05
  232   2.9607222462E-05
  233   2.2491536415E-05
  234   1.7491216105E-05
  235   1.3908777954E-05
  236   1.1298077567E-05
  237   9.3675522788E-06
  238   7.9229090211E-06
  239   6.8324748832E-06
  240   6.0057810800E-06
  241   5.3799894236E-06
  242   4.9113034885E-06
  243   4.5694265254E-06
  244   4.3339827959E-06
  245   4.1922753732E-06
  246   4.1381253110E-06
  247   4.1714394527E-06
  248   4.2986387512E-06
  249   4.5340209150E-06
  250   4.9025236444E-06
  251   5.4426007129E-06
  252   5.4424119396E-06
  253   8.3483136506E+02
  254   8.3483136506E+02
  255   6.1828123788E+01
  256   6.0607661872E+00
  257   7.5078289222E-01
  258   1.1509225399E-01
  259   2.1589313544E-02
  260   4.9108008980E-03
  261   1.3341519662E-03
  262   4.2348349080E-04
  263   1.5330164852E-04
  264   6.1920059235E-05
  265   2.7412505994E-05
  266   1.3117725875E-05
  267   6.7123665543E-06
  268   3.6418753384E-06
  269   2.0810553765E-06
  270   1.2456205876E-06
  271   7.7749883653E-07
  272   5.0422098686E-07
  273   3.3871814767E-07
  274   2.3508485525E-07
  275   1.6822237950E-07
  276   1.2387987600E-07
  277   9.3745426194E-08
  278   7.2813686069E-08
  279   5.7989176610E-08
  280   4.7312808358E-08
  281   3.9533666339E-08
  282   3.3800153902E-08
  283   2.9574690841E-08
  284   2.6471262906E-08
  285   2.4254034541E-08
  286   2.2731283364E-08
  287   2.1836340598E-08
  288   2.1486102431E-08
  289   2.1677408488E-08
  290   2.2462024244E-08
  291   2.3932068121E-08
  292   2.6272335686E-08
  293   2.9760383802E-08
  294   2.9759415576E-08
  295   2.9892967405E+02
  296   2.9892967405E+02
  297   1.7822575959E+01
  298   1.3866218536E+00
  299   1.3214491979E-01
  300   1.5054008493E-02
  301   2.0370981701E-03
  302   3.3020575996E-04
  303   6.4847559625E-05
  304   1.5431518591E-05
  305   4.3775232713E-06
  306   1.4419498638E-06
  307   5.3711587736E-07
  308   2.2138057672E-07
  309   9.9328285429E-08
  310   4.7935654545E-08
  311   2.4655834754E-08
  312   1.3411849041E-08
  313   7.6789979782E-09
  314   4.5970900331E-09
  315   2.8767370638E-09
  316   1.8631137296E-09
  317   1.2621902975E-09
  318   8.7156576898E-10
  319   6.3640981847E-10
  320   4.6838077726E-10
  321   3.5870130806E-10
  322   2.8189595608E-10
  323   2.3121576466E-10
  324   1.8899747150E-10
  325   1.6334462717E-10
  326   1.4224668803E-10
  327   1.3168209227E-10
  328   1.1926174972E-10
  329   1.1498036818E-10
  330   1.0861821026E-10
  331   1.1179893129E-10
  332   1.2029585451E-10
  333   1.2678887519E-10
  334   1.4089511607E-10
  335   1.6010309013E-10
  336   1.6010554140E-10
  337   1.0052360489E+02
  338   1.0052360489E+02
  339   5.1919404588E+00
  340   3.4837473809E-01
  341   2.8017247589E-02
  342   2.6051740450E-03
  343   2.7495004651E-04
  344   3.2940243870E-05
  345   4.5631648926E-06
  346   7.5385422951E-07
  347   1.5255937747E-07
  348   3.7911870057E-08
  349   1.1290393654E-08
  350   3.9011944930E-09
  351   1.5051258599E-09
  352   6.4022956206E-10
  353   2.9293327235E-10
  354   1.4441971197E-10
  355   7.9730093760E-11
  356   4.1485576385E-11
  357   2.1271377397E-11
  358   1.8137217758E-11
  359   1.4015879501E-11
  360   7.4505923731E-12
  361   5.6458986414E-12
  362   1.5598459192E-12
  363   5.7386450706E-12
  364  -7.3575157939E-13
  365   1.4396110725E-12
  366   4.7838584393E-12
  367   2.3198003132E-13
  368  -1.8379771620E-12
  369   3.8366951645E-12
  370  -1.8800185143E-13
  371  -2.1717051035E-12
  372   3.5217102003E-12
  373  -1.4336511683E-12
  374   1.8540075255E-12
  375  -1.2854041086E-12
  376  -3.7272514947E-13
  377   1.7138677602E-12
  378   1.6943302792E-12
  379   3.1722242553E+01
  380   3.1722242553E+01
  381   1.4914627127E+00
  382   9.1530892457E-02
  383   6.6820623984E-03
  384   5.5536554656E-04
  385   5.1070928153E-05
  386   5.1166855252E-06
  387   5.5713677183E-07
  388   6.6783894242E-08
  389   9.1035160812E-09
  390   1.4853922622E-09
  391   3.0912073855E-10
  392   7.3127451499E-11
  393   2.7709870383E-11
  394   1.5182195889E-11
  395  -4.3132918796E-13
  396  -4.8211819163E-12
  397  -3.4808675387E-12
  398   2.2655184974E-12
  399   3.2565263024E-12
  400  -5.7635891968E-12
  401   1.7989728044E-12
  402   7.0896350786E-12
  403  -5.7829340216E-12
  404   7.3402934687E-14
  405   7.0529094216E-12
  406   7.8990472411E-13
  407   5.3185128966E-12
  408  -3.9377708294E-12
  409   1.9433917953E-12
  410  -1.0868634545E-12
  411  -1.0994171960E-12
  412  -1.2789676879E-12
  413  -7.2977751575E-12
  414   1.1170747970E-12
  415   4.2712220312E-12
  416  -1.2177945990E-12
  417  -1.3327944560E-12
  418   3.1022735501E-12
  419  -4.3562142445E-13
  420  -4.3008735160E-13
  421   9.3908172306E+00
  422   9.3908172306E+00
  423   4.1435852464E-01
  424   2.4078518528E-02
  425   1.6648421003E-03
  426   1.3055172665E-04
  427   1.1243319616E-05
  428   1.0410670111E-06
  429   1.0229508877E-07
  430   1.0608213360E-08
  431   1.1578516048E-09
  432   1.4011159113E-10
  433   2.0444053718E-11
  434   8.5703973802E-12
  435  -7.3970678891E-13
  436   4.5804650465E-12
  437   6.7192662588E-14
  438  -1.8758963387E-12
  439   2.6741777291E-12
  440   1.1294068042E-13
  441  -3.4029778448E-12
  442  -2.4189348043E-12
  443   5.1477533311E-12
  444  -1.0448683532E-12
  445  -1.8504321134E-12
  446  -8.3487902927E-12
  447  -2.4113554738E-12
  448  -1.2808934381E-12
  449  -5.3972367335E-15
  450   4.4757655403E-12
  451   7.9175284770E-13
  452  -2.4621378197E-12
  453   1.9809230021E-12
  454  -9.2377045090E-13
  455   2.8255068551E-12
  456   2.6010696008E-13
  457   2.9471561835E-12
  458   3.1823054502E-12
  459  -4.2226597549E-12
  460  -9.1710281232E-13
  461   2.0198256430E-12
  462   2.0116501349E-12
  463   2.6080291607E+00
  464   2.6080291607E+00
  465   1.0994166095E-01
  466   6.1634997982E-03
  467   4.1228571334E-04
  468   3.1283416900E-05
  469   2.6043355210E-06
  470   2.3256238126E-07
  471   2.1945629443E-08
  472   2.1686484178E-09
  473   2.1826580031E-10
  474   2.9537604835E-11
  475   1.3970146399E-11
  476  -3.7567464044E-12
  477  -4.2175211557E-13
  478  -2.7111310195E-12
  479   7.0639701452E-12
  480  -3.8009716283E-12
  481   3.9375317357E-12
  482  -1.7216527610E-12
  483   5.2711449962E-12
  484  -1.0564204228E-12
  485   2.0427041758E-12
  486  -7.8573449833E-13
  487  -1.6197502348E-12
  488   4.9724549177E-12
  489  -7.9521923480E-13
  490   3.5446658302E-12
  491   1.4937081606E-12
  492  -2.1470075150E-12
  493   3.0181274957E-12
  494  -5.7574018241E-12
  495   3.3216522591E-12
  496  -2.6908027990E-12
  497   7.6906461758E-13
  498  -1.9537828516E-12
  499   1.7091485224E-12
  500   1.1920221086E-12
  501  -2.3684868605E-12
  502   1.4132226933E-12
  503  -1.9466209670E-12
  504  -1.9520015879E-12
  505   6.7981992310E-01
  506   6.7981992310E-01
  507   2.7663857335E-02
  508   1.5109149589E-03
  509   9.8778634648E-05
  510   7.3332374101E-06
  511   5.9755554899E-07
  512   5.2244186204E-08
  513   4.8258406005E-09
  514   4.6552388382E-10
  515   4.3326732882E-11
  516  -2.9090829612E-12
  517  -2.4772710320E-12
  518   3.3486993457E-12
  519  -1.0693862857E-13
  520   2.2891070768E-12
  521  -5.9842313128E-12
  522   2.8096933407E-12
  523  -1.3460625335E-12
  524  -8.4222123435E-13
  525  -1.7028985296E-12
  526   8.2469558396E-13
  527   4.5593924820E-12
  528   4.7823543458E-12
  529  -8.6890129630E-13
  530  -1.6131668357E-12
  531  -1.3264790009E-12
  532   3.4453580456E-13
  533  -1.0526633997E-12
  534  -2.0466071972E-12
  535   1.7355493059E-12
  536  -8.1384070549E-13
  537   1.9099228975E-12
  538  -4.1013272436E-12
  539   2.9179623728E-12
  540  -4.5446160591E-12
  541   3.4767763231E-12
  542   1.8695820269E-12
  543   1.0806432508E-12
  544   9.6966950239E-13
  545  -1.1907222007E-12
  546  -1.1945980868E-12
  547   1.6646517197E-01
  548   1.6646517197E-01
  549   6.5791656434E-03
  550   3.5189566617E-04
  551   2.2596506048E-05
  552   1.6495378070E-06
  553   1.3224370698E-07
  554   1.1382143989E-08
  555   1.0422684861E-09
  556   9.8406628303E-11
  557   8.8042636248E-12
  558   7.1755855711E-13
  559  -1.0893263690E-12
  560  -2.9567064720E-13
  561  -2.6021716494E-12
  562  -3.3760903142E-12
  563   9.4286144993E-12
  564  -8.0326072614E-12
  565   3.2690381525E-12
  566  -5.2338800536E-12
  567   1.1980711725E-12
  568  -5.3588946972E-12
  569  -1.3731840580E-12
  570  -4.9046344740E-13
  571  -7.9992636039E-13
  572  -2.7530785209E-12
  573   6.8966933442E-13
  574   5.4226302556E-12
  575  -2.1407588330E-13
  576   2.0021612171E-12
  577  -1.0632946892E-13
  578  -6.4111081899E-13
  579   2.2752290993E-12
  580   1.9838784824E-12
  581  -6.0374042319E-13
  582   3.0058106009E-12
  583  -1.9362210074E-12
  584  -3.9177040005E-12
  585   1.1209355044E-12
  586   7.2784933497E-13
  587  -3.1427988150E-12
  588  -3.1226871812E-12
  589   3.8339207352E-02
  590   3.8339207352E-02
  591   1.4773160091E-03
  592   7.7602112242E-05
  593   4.9067685983E-06
  594   3.5306229820E-07
  595   2.7926619002E-08
  596   2.3757072982E-09
  597   2.1042577156E-10
  598   1.7883222865E-11
  599   9.8307537315E-12
  600  -1.0597286424E-11
  601  -5.3466871368E-12
  602  -1.2501500665E-12
  603   2.6891413885E-12
  604  -2.4461558347E-12
  605   6.1550314297E-13
  606  -1.8501310029E-12
  607   1.1795223048E-12
  608  -7.8349446165E-13
  609   9.6420341465E-13
  610  -6.7719476672E-12
  611   5.7164358995E-12
  612  -3.3224343497E-12
  613   5.1291255044E-12
  614  -2.6897750389E-12
  615  -1.0886633816E-12
  616  -1.9055965819E-13
  617   1.8234928943E-12
  618   1.0645606445E-12
  619  -4.5125332131E-12
  620   3.7008161599E-12
  621  -3.8555169457E-12
  622   6.5884220530E-13
  623  -7.6887737564E-13
  624  -1.6262489898E-12
  625   5.1397629088E-13
  626   3.1307206750E-12
  627   1.8418181013E-12
  628  -3.9336041909E-12
  629   3.6919655492E-12
  630   3.6790335641E-12
  631   8.3186620805E-03
  632   8.3186620805E-03
  633   3.1330657458E-04
  634   1.6190146639E-05
  635   1.0093624165E-06
  636   7.1676355478E-08
  637   5.5880148217E-09
  638   4.6869461166E-10
  639   4.4589196320E-11
  640   8.3409298270E-12
  641  -8.5632166719E-12
  642   7.1522869067E-12
  643  -2.6163798088E-12
  644  -3.5402028311E-12
  645  -2.7801508107E-13
  646  -7.7168747018E-13
  647   4.8551749276E-12
  648   1.4191229589E-12
  649  -3.5497272375E-12
  650   6.1158759209E-12
  651  -4.1237003811E-12
  652   4.0813617588E-12
  653  -2.9131512514E-12
  654  -1.2542323785E-12
  655  -4.3891510341E-12
  656   1.0917354701E-12
  657   2.8933121040E-12
  658  -9.6249268481E-13
  659  -8.9696353972E-13
  660  -9.6128876743E-13
  661  -2.7608374469E-12
  662  -1.6370551278E-13
  663  -2.8204357479E-12
  664   4.7597778489E-12
  665  -1.1442854987E-12
  666  -4.8535955282E-13
  667  -4.4720889329E-13
  668   3.4342288102E-12
  669   4.4065165093E-13
  670   2.6332034939E-12
  671  -1.6056763463E-12
  672  -1.5936508568E-12
  673   1.7037368437E-03
  674   1.7037368437E-03
  675   6.2834485827E-05
  676   3.1975345932E-06
  677   1.9669848965E-07
  678   1.3800079440E-08
  679   1.0724452912E-09
  680   8.7589659053E-11
  681   6.1041153027E-12
  682   5.6690236005E-12
  683   1.1633108948E-12
  684  -7.3363733161E-13
  685   1.5116725399E-12
  686  -8.2536444696E-13
  687   2.9967601534E-13
  688  -4.0727125228E-12
  689   3.3935840557E-12
  690   5.7328479020E-12
  691  -8.9075835857E-13
  692  -1.6036983464E-13
  693  -2.1564985197E-12
  694   3.1458062914E-12
  695   3.9237339936E-12
  696   2.7003929650E-12
  697   2.4487730994E-12
  698  -5.0233338443E-12
  699  -2.5567573834E-12
  700  -3.6359298385E-12
  701   1.3164067432E-12
  702   1.2940781801E-13
  703  -1.3410115306E-12
  704   1.9506558029E-12
  705   4.6290382427E-12
  706  -2.9574587448E-12
  707  -3.7000778807E-12
  708   6.4144378496E-12
  709  -7.3784460334E-12
  710   4.4717959449E-13
  711   2.4084835526E-13
  712  -2.5480608950E-12
  713   2.1774787463E-12
  714   2.1803489153E-12
  715   3.3012135935E-04
  716   3.3012135935E-04
  717   1.1938798642E-05
  718   5.9871160078E-07
  719   3.6365699236E-08
  720   2.5172749362E-09
  721   1.8493373670E-10
  722   2.4629312297E-11
  723   6.9228062323E-12
  724  -1.5558535330E-12
  725   3.1096744618E-12
  726  -3.9002609114E-12
  727   7.2468275808E-12
  728  -4.5297226785E-12
  729   2.0745729278E-12
  730   2.6902648584E-12
  731  -2.0592914161E-12
  732  -1.3597194010E-12
  733   1.4006089869E-12
  734  -7.1415093415E-13
  735   5.3568503094E-12
  736  -4.6529340884E-12
  737  -7.1419432520E-13
  738  -3.1733103491E-13
  739   1.6126599748E-13
  740   7.3045645222E-12
  741  -7.3654209170E-13
  742   3.2644151858E-12
  743   3.5248966405E-14
  744  -1.5273785542E-13
  745   3.0336363346E-12
  746  -2.5587112677E-12
  747  -3.8704280854E-13
  748   1.0243606314E-12
  749   2.2716137284E-12
  750   6.3906565459E-13
  751  -2.1220587904E-12
  752  -1.5789107274E-13
  753   4.2641362080E-12
  754  -6.3259024744E-13
  755  -1.9412125774E-12
  756  -1.9535552578E-12
  757   6.0669617404E-05
  758   6.0669617404E-05
  759   2.1540090626E-06
  760   1.0650350919E-07
  761   6.3892604315E-09
  762   4.3210750335E-10
  763   4.0870805452E-11
  764   6.8552215700E-12
  765  -4.4041736085E-12
  766   1.0504018331E-11
  767  -4.3087583876E-12
  768  -1.8282593966E-12
  769   5.2379963497E-12
  770   1.6520642706E-12
  771   3.3653858997E-13
  772   1.7922121317E-12
  773  -2.2459079671E-12
  774  -7.0967258074E-12
  775  -4.1078451390E-13
  776  -5.8979080540E-12
  777   1.5766345557E-13
  778  -1.7834330783E-12
  779  -1.7656879429E-12
  780  -2.1153576049E-12
  781   1.5083364419E-12
  782  -3.7219703652E-12
  783   2.6595678550E-12
  784  -1.0637291352E-12
  785  -3.6534597490E-12
  786  -1.8372173432E-12
  787   2.9226060573E-13
  788  -1.0378190257E-14
  789  -1.5361258697E-12
  790  -4.1877907215E-12
  791   2.7034773707E-12
  792   5.8374315138E-12
  793  -4.6952533077E-12
  794   1.8541112805E-12
  795  -9.2919583054E-13
  796   2.8285282122E-12
  797  -1.7671491336E-12
  798  -1.7704181863E-12
  799   1.0604861501E-05
  800   1.0604861501E-05
  801   3.6999300019E-07
  802   1.8030475501E-08
  803   1.0632286295E-09
  804   7.5284267761E-11
  805   2.0405528978E-12
  806  -4.9470036510E-13
  807   3.0434220056E-12
  808   3.3762539323E-12
  809   1.1263070186E-11
  810   8.4748232650E-12
  811  -3.0960779281E-12
  812  -6.5547418147E-12
  813   7.2527194913E-13
  814  -1.8350188029E-12
  815  -2.9606185209E-12
  816  -7.0342685150E-13
  817   1.9754620162E-12
  818  -1.5613485400E-12
  819   5.2400416615E-12
  820   4.4968615786E-12
  821   5.1216545970E-12
  822   1.3182011957E-12
  823  -1.6819715005E-12
  824  -2.2787033230E-12
  825  -3.7792285599E-12
  826   2.7283249175E-12
  827  -4.1489982503E-12
  828   9.4834104647E-13
  829   5.7339609939E-12
  830  -3.7339672523E-13
  831  -2.4294248640E-12
  832  -1.5919738817E-12
  833  -3.0838056567E-14
  834  -7.5743512792E-13
  835   1.8060731411E-12
  836   2.6449041331E-13
  837   2.7484061606E-13
  838   7.7865375562E-13
  839  -1.8358271445E-12
  840  -1.8562094467E-12
  841   1.7683779120E-06
  842   1.7683779120E-06
  843   6.0676351452E-08
  844   2.9070996706E-09
  845   1.7830112837E-10
  846   1.9296090036E-11
  847   3.0706820677E-12
  848  -2.2219273658E-11
  849  -7.9110835392E-12
  850  -6.0268524426E-12
  851  -2.9268685069E-12
  852   3.1126366697E-12
  853  -4.3241877073E-12
  854   5.7895823168E-12
  855  -4.2100937633E-12
  856   3.7911671717E-13
  857   4.2375549414E-12
  858  -2.0293552632E-12
  859  -5.2213244652E-12
  860   5.9976803930E-12
  861   3.1380131646E-12
  862  -4.3134556600E-12
  863   3.1101092046E-12
  864   6.1200434983E-12
  865   2.7408783505E-13
  866  -2.7456883458E-12
  867  -2.1323988896E-12
  868   4.7384539022E-14
  869   6.3810772401E-13
  870  -2.0543856545E-13
  871   1.3810470436E-12
  872   3.8682249311E-12
  873   2.5065445303E-12
  874  -7.2116451940E-13
  875   2.1893523447E-12
  876  -3.2756617280E-12
  877   3.3817957318E-12
  878   9.9405104541E-13
  879  -7.4307556800E-12
  880   5.0441685526E-12
  881   5.6051655814E-13
  882   5.5704937165E-13
  883   2.8220352786E-07
  884   2.8220352786E-07
  885   9.5110456382E-09
  886   4.4292329643E-10
  887   2.6055361629E-11
  888   5.2003291500E-12
  889   4.8057891629E-12
  890  -5.5706515173E-12
  891  -2.5621308672E-12
  892  -3.2323424711E-12
  893   4.1431974766E-12
  894   2.8584574372E-13
  895   3.8516020182E-12
  896   6.3768789560E-12
  897  -2.4216886378E-12
  898   4.0412747655E-12
  899   4.4059890342E-12
  900   3.5282634271E-12
  901   3.2661385489E-12
  902  -6.9779112790E-12
  903   9.4048349667E-13
  904  -2.3323251308E-12
  905  -3.7976865923E-12
  906   7.9337157187E-13
  907  -3.1262095217E-12
  908   5.0853400182E-12
  909  -2.1653582364E-12
  910   2.6634256473E-12
  911   6.6818540928E-12
  912  -3.0361409422E-12
  913   7.6732766481E-13
  914  -1.1363823216E-12
  915  -4.8197591747E-12
  916   2.7313726543E-12
  917  -6.7912753916E-13
  918  -2.2433417336E-12
  919  -2.4482044661E-12
  920   1.5364269134E-12
  921  -9.6405694715E-13
  922   8.9120302430E-13
  923   1.5677174600E-13
  924   1.6128000215E-13
  925   4.3227920584E-08
  926   4.3227920584E-08
  927   1.4434306497E-09
  928   6.3226265893E-11
  929   3.8307525553E-12
  930   7.4425907127E-12
  931   1.0958850057E-11
  932   2.8351691390E-12
  933  -5.9169094544E-12
  934   4.2732583745E-12
  935   2.9989593635E-12
  936  -1.1819702263E-11
  937   5.0087420338E-12
  938  -4.0389131774E-12
  939   4.9309471135E-12
  940   3.1834476024E-12
  941   3.8928802854E-12
  942   9.9951451809E-13
  943   1.7324906724E-12
  944  -1.7320493763E-13
  945  -3.9150735359E-12
  946  -2.2128805807E-12
  947   2.1262970337E-12
  948  -4.9552647903E-12
  949   1.4658493047E-12
  950  -8.2907364850E-12
  951   2.9247041004E-12
  952   5.1907946116E-14
  953  -4.6340429348E-12
  954   1.7957205233E-12
  955  -1.9401176868E-12
  956  -2.5266830299E-13
  957  -2.9962406873E-13
  958  -2.0109958936E-12
  959   1.7844397230E-12
  960   1.1421983529E-13
  961  -1.8708568140E-12
  962   5.1926680477E-12
  963  -1.8127034010E-12
  964  -1.2031692911E-12
  965   2.0315830836E-12
  966   2.0357728767E-12
  967   6.3912865278E-09
  968   6.3912865278E-09
  969   1.8813183447E-10
  970   3.3176044802E-11
  971  -1.3894319366E-11
  972   4.0705232282E-12
  973   6.0315119989E-12
  974   5.9864676847E-12
  975  -3.2832613769E-12
  976   2.2693195338E-12
  977   8.9422399175E-12
  978  -1.6621595359E-12
  979  -5.9375546764E-12
  980  -7.3957405533E-13
  981  -1.0982230780E-11
  982  -3.6965500632E-12
  983   2.2120992074E-12
  984   3.1568431188E-12
  985  -5.3402628057E-12
  986  -1.7811336867E-12
  987   2.4977127351E-12
  988   1.2774594039E-12
  989   3.8094014513E-12
  990   9.1893482640E-14
  991   3.1277589225E-12
  992   6.0185317399E-12
  993  -4.6597893555E-12
  994  -2.4730166469E-12
  995   5.7019373177E-12
  996  -2.1417466993E-12
  997   3.1638922123E-12
  998  -4.6711496501E-13
  999  -3.1987969630E-12
 1000   2.6014059188E-12
 1001  -1.7500533667E-12
 1002  -1.1387932069E-12
 1003   2.8331455987E-12
 1004  -1.9029444055E-12
 1005   2.1027170106E-12
 1006  -1.1606230353E-12
 1007  -6.3610469463E-13
 1008  -6.3838845226E-13
 1009   9.0487782005E-10
 1010   9.0487782005E-10
 1011   2.6457437644E-11
 1012   5.8467295828E-12
 1013  -1.6157085871E-11
 1014  -1.0359320410E-12
 1015  -4.8807614041E-12
 1016  -8.8946510563E-13
 1017  -1.0424364404E-11
 1018  -4.5094624144E-12
 1019  -3.6512050717E-12
 1020   1.8160292124E-12
 1021  -4.0789480849E-12
 1022  -6.4206932758E-13
 1023   6.9201173600E-13
 1024   2.8488033908E-12
 1025  -2.1555673280E-12
 1026   1.4095248658E-12
 1027  -4.3940906555E-12
 1028   5.8831098628E-12
 1029   3.9680791472E-12
 1030   6.9247546006E-12
 1031   8.6324280944E-13
 1032  -1.9880333152E-12
 1033  -6.6349056821E-14
 1034  -1.1523960099E-12
 1035   2.1891074270E-12
 1036   6.0761796813E-12
 1037  -2.9417358556E-12
 1038  -3.6535902761E-12
 1039  -7.5002890049E-13
 1040   3.6706360909E-12
 1041   1.0120436641E-12
 1042  -2.3813294409E-12
 1043  -1.0661844259E-13
 1044   6.3712245123E-13
 1045   9.8352505841E-13
 1046   3.3025717514E-12
 1047  -9.6000825528E-13
 1048   6.5644256046E-13
 1049  -2.3344577778E-12
 1050  -2.3206521902E-12
 1051   1.1650082612E-10
 1052   1.1650082612E-10
 1053   2.0402131685E-12
 1054   6.0249513191E-12
 1055   2.1395712730E-11
 1056  -7.4939790486E-13
 1057  -1.1688488486E-11
 1058  -1.7658510025E-12
 1059   9.1275630910E-12
 1060   1.1303834697E-11
 1061  -8.8908896721E-13
 1062   7.7271380669E-12
 1063   1.6195632081E-12
 1064  -1.0598568659E-12
 1065   3.6724741702E-12
 1066  -1.6231166739E-12
 1067   2.0041970236E-12
 1068  -5.0882037959E-12
 1069   1.0151564318E-12
 1070  -7.0965528561E-13
 1071  -3.6550386983E-12
 1072  -5.2584801136E-12
 1073   9.2879602937E-13
 1074  -3.6023533007E-12
 1075   9.6590253078E-13
 1076   1.8436166405E-12
 1077  -2.9193188697E-12
 1078  -4.2920186059E-12
 1079   1.1632442807E-13
 1080   1.3284075745E-12
 1081  -4.2168181770E-12
 1082   6.5331296809E-12
 1083  -5.1340774936E-12
 1084   7.1078140439E-12
 1085   2.3057583192E-12
 1086  -4.9466024198E-12
 1087  -5.8401473044E-13
 1088  -9.8675751371E-14
 1089   8.6720381429E-13
 1090  -4.1164517450E-12
 1091   2.1083308705E-12
 1092   2.0988733527E-12
 1093   4.7420843724E-12
 1094   4.7420843724E-12
 1095  -1.9887133473E-12
 1096  -7.1503353291E-12
 1097  -7.4425487378E-12
 1098  -3.7084231565E-12
 1099  -1.0954383046E-11
 1100  -2.6281620275E-12
 1101   1.4140314719E-11
 1102   1.7667583833E-14
 1103  -5.5751342220E-12
 1104   9.3980198606E-12
 1105   3.7436778967E-12
 1106   1.0759883566E-11
 1107   1.5646208448E-12
 1108  -8.9440096230E-12
 1109  -2.6493945762E-12
 1110  -1.9053393112E-12
 1111  -3.9061676072E-12
 1112   6.9918899151E-12
 1113   1.1261380699E-12
 1114  -9.0547981605E-12
 1115  -1.2048974732E-12
 1116   6.3631199887E-12
 1117  -7.9663325126E-13
 1118   3.2918600613E-12
 1119   6.1702971645E-12
 1120  -3.3044508273E-12
 1121  -5.5402028883E-12
 1122   2.2903407991E-12
 1123  -1.1277890975E-12
 1124  -2.5767430370E-12
 1125   1.5181675073E-12
 1126  -5.6265507447E-13
 1127  -4.7507665436E-12
 1128   4.9331636471E-12
 1129  -1.3322479417E-12
 1130  -1.1025821960E-12
 1131   3.8855089190E-13
 1132   2.9244586329E-12
 1133  -7.3958483959E-13
 1134  -7.4042795145E-13
 1135  -1.3119822864E-11
 1136  -1.3119822864E-11
 1137   9.5106159155E-12
 1138  -1.2576605881E-11
 1139  -3.4687433393E-12
 1140  -7.0051079024E-12
 1141  -9.0628063216E-12
 1142  -4.9062637571E-12
 1143  -6.6040286393E-12
 1144  -3.5102578248E-12
 1145   4.6091044094E-13
 1146  -1.2357083843E-13
 1147  -4.8252527542E-12
 1148  -1.7266542450E-11
 1149   2.4489119746E-12
 1150  -1.6077447510E-12
 1151   3.7616217272E-12
 1152   3.7899780296E-12
 1153   3.1507737507E-12
 1154  -3.0457939159E-12
 1155   2.8694977324E-12
 1156   6.3019782761E-12
 1157  -2.0752621281E-12
 1158  -5.9152954172E-12
 1159  -5.2825516152E-13
 1160  -4.3873354901E-12
 1161  -2.5712869386E-12
 1162   6.7887312554E-12
 1163   3.5221900096E-12
 1164  -3.3971529010E-12
 1165  -3.4330344731E-12
 1166   5.4527504357E-12
 1167  -1.2711494994E-12
 1168   2.4718981312E-12
 1169  -3.1155309002E-12
 1170   3.0460466808E-12
 1171  -2.3443609171E-12
 1172  -2.5314258930E-12
 1173   2.0567698313E-12
 1174   2.7029481672E-13
 1175  -1.0373363958E-12
 1176  -1.0421568103E-12
 1177  -1.8792867481E-12
 1178  -1.8792867481E-12
 1179   1.4856233988E-11
 1180  -5.9643505200E-12
 1181  -1.6079157153E-11
 1182  -1.3996122247E-11
 1183   9.4094474788E-12
 1184   1.5170447114E-12
 1185   3.9628491163E-12
 1186   1.0341452254E-11
 1187   2.5517912813E-12
 1188  -8.0033612258E-13
 1189  -2.7760795801E-12
 1190   3.2385136110E-12
 1191  -9.7272953136E-12
 1192   4.6244931488E-12
 1193   6.4979946656E-12
 1194  -5.4819563270E-12
 1195  -6.9660066169E-12
 1196   2.2635136061E-12
 1197  -2.1835183564E-12
 1198  -2.6386153774E-12
 1199   2.2273595491E-12
 1200  -6.2585645014E-13
 1201   5.4889518065E-13
 1202   5.1543648804E-12
 1203   1.7219317197E-12
 1204   2.7990667736E-12
 1205  -3.3739090595E-12
 1206   3.4621312878E-12
 1207  -1.3928111390E-12
 1208   1.4373758645E-12
 1209  -8.5487164142E-14
 1210  -8.5394489233E-13
 1211   1.7463926435E-12
 1212  -6.6168186121E-13
 1213  -3.1059142749E-12
 1214   3.5123190999E-12
 1215  -2.6482273732E-12
 1216   1.6018070724E-12
 1217  -3.4218773854E-12
 1218  -3.4170353060E-12
 1219   1.5704766174E-11
 1220   1.5704766174E-11
 1221   2.1398895258E-11
 1222  -9.5416166713E-12
 1223  -8.4494085980E-12
 1224   5.9153356039E-12
 1225   9.7984746222E-12
 1226   2.5693585576E-12
 1227  -9.7713382050E-12
 1228  -7.1548904620E-12
 1229   5.4649959971E-12
 1230  -3.3974817398E-12
 1231  -9.5485604380E-12
 1232   8.0211579939E-13
 1233   8.3692097196E-12
 1234   4.3383073856E-13
 1235   5.6672251021E-12
 1236   2.3887267363E-12
 1237  -2.4209610619E-12
 1238  -3.9525011225E-12
 1239   5.5879738102E-12
 1240   4.0544706038E-12
 1241  -2.6561087548E-12
 1242  -5.5693692450E-12
 1243   4.4175452944E-12
 1244   2.2394063026E-12
 1245  -8.7014007498E-12
 1246   3.7606673490E-12
 1247   4.1701571022E-12
 1248  -1.3025155253E-12
 1249   1.8624248839E-12
 1250  -3.1896473873E-12
 1251  -2.7909960939E-12
 1252  -4.2020039214E-14
 1253   2.6640177340E-12
 1254  -6.3124484409E-13
 1255   3.1778891288E-12
 1256  -1.8508891845E-12
 1257   2.2626380318E-12
 1258  -1.6673434817E-12
 1259   2.2513021514E-12
 1260   2.2566633199E-12
 1261   6.4383028558E-12
 1262   6.4383028558E-12
 1263   8.3911276150E-12
 1264  -2.6966054583E-12
 1265   5.8105087013E-12
 1266  -1.9824816860E-12
 1267  -5.0659170553E-12
 1268  -6.2621970984E-12
 1269  -7.1184025586E-12
 1270  -1.6709947870E-12
 1271   2.6881903091E-12
 1272   1.7811888475E-12
 1273  -6.0929206404E-12
 1274   5.9265030362E-12
 1275  -1.4922418531E-12
 1276  -1.4151321511E-12
 1277   4.1290773445E-12
 1278  -1.1212466899E-11
 1279   6.4902017321E-12
 1280  -1.2589262288E-12
 1281  -3.0391384067E-12
 1282   3.1465179474E-12
 1283  -1.6171025327E-12
 1284  -3.7848823275E-13
 1285   1.8302363921E-13
 1286  -4.1221504274E-12
 1287  -1.0886586769E-12
 1288   3.6639345050E-12
 1289  -1.6161217497E-12
 1290   1.7061226124E-12
 1291   1.7907614094E-12
 1292   1.6819661298E-12
 1293   1.1150477480E-12
 1294  -7.9139684124E-12
 1295   3.7159192579E-12
 1296  -1.9980895083E-12
 1297   3.4851996445E-12
 1298   1.7944809613E-12
 1299  -4.0579104776E-12
 1300  -1.9125762653E-12
 1301   2.3118652105E-12
 1302   2.3196705023E-12
 1303   6.3712956035E-12
 1304   6.3712956035E-12
 1305  -1.9562517543E-13
 1306   8.8266771173E-12
 1307  -7.3723594461E-12
 1308  -4.8206647895E-12
 1309   7.9216883912E-13
 1310  -3.9981847375E-12
 1311   1.2474005378E-12
 1312  -3.0811853995E-12
 1313   8.3617125174E-12
 1314   5.2642108140E-12
 1315   3.8938681342E-12
 1316   3.3296587752E-13
 1317   2.9939909135E-12
 1318  -5.4680771772E-12
 1319  -1.2182556765E-12
 1320   2.9311117144E-12
 1321   4.9606515570E-13
 1322  -9.7818270818E-12
 1323   1.0487819883E-12
 1324   2.9217286091E-12
 1325   5.1170950939E-12
 1326  -1.2728053881E-12
 1327   1.4819643661E-12
 1328   2.5112461070E-12
 1329  -5.1574579259E-12
 1330  -2.3497416936E-12
 1331  -7.5504403696E-13
 1332   2.8227911415E-13
 1333  -1.6321710073E-12
 1334  -2.0784832257E-12
 1335   1.7392942549E-12
 1336  -7.1574610051E-13
 1337  -2.4128461566E-12
 1338  -1.5886498797E-12
 1339  -8.7555339920E-13
 1340  -1.9863007070E-14
 1341   2.0284782287E-12
 1342  -2.8841511571E-12
 1343   4.1031359270E-13
 1344   4.0794044263E-13
 1345  -6.2373236081E-12
 1346  -6.2373236081E-12
 1347   1.8518977377E-11
 1348   1.4736026907E-11
 1349  -1.4286927088E-11
 1350  -8.8557096798E-12
 1351   1.4145091561E-11
 1352   1.0546545800E-11
 1353   4.2491458645E-12
 1354  -8.7548118944E-12
 1355  -2.6201468842E-12
 1356   1.7912488421E-12
 1357   1.3040468739E-13
 1358  -1.3564569366E-13
 1359  -9.5348078537E-12
 1360  -3.6883982586E-12
 1361  -3.4977439468E-12
 1362  -3.8927947534E-12
 1363   9.5968436105E-13
 1364   1.9095841280E-13
 1365  -5.9097628018E-12
 1366  -3.8090849455E-14
 1367  -2.4306825438E-12
 1368   4.5428837000E-12
 1369  -4.9098445467E-12
 1370   1.7457277352E-12
 1371   5.9202067601E-12
 1372   7.1797895886E-13
 1373  -4.6054520373E-12
 1374   3.3847137847E-12
 1375   3.4699110927E-13
 1376  -3.1509441030E-12
 1377   4.3045477962E-12
 1378  -1.0961909025E-12
 1379  -1.6029662478E-12
 1380   2.0359395441E-12
 1381  -3.9397552479E-13
 1382   1.3054859442E-12
 1383  -9.1929390932E-13
 1384   9.0809561945E-13
 1385  -3.8117661596E-13
 1386  -3.8257439375E-13
 1387  -9.4919065484E-12
 1388  -9.4919065484E-12
 1389   8.6738313288E-12
 1390   1.1081380266E-11
 1391  -9.2059117244E-12
 1392  -2.6910021375E-12
 1393   9.3697489907E-12
 1394   4.1200880590E-12
 1395   9.1812208647E-12
 1396   4.9501752580E-12
 1397   7.3350342529E-12
 1398   6.1890697631E-12
 1399  -1.0980682402E-13
 1400  -4.6102722702E-13
 1401   3.5042982956E-12
 1402   7.5377911129E-12
 1403   4.5320170902E-12
 1404   9.7097848638E-13
 1405   6.4637489171E-12
 1406   8.8039998576E-13
 1407  -3.6875542253E-13
 1408   2.9104737721E-12
 1409   4.1493361811E-13
 1410   4.1609124987E-13
 1411  -6.3505991380E-12
 1412   7.9358113920E-13
 1413  -1.3377906627E-12
 1414   1.3549094529E-12
 1415   6.2954344497E-12
 1416   3.8310806125E-12
 1417   3.4814567319E-13
 1418   5.2968764604E-15
 1419   2.9500475813E-14
 1420  -3.2477837186E-13
 1421  -5.6417024409E-13
 1422   1.3350062318E-12
 1423   1.9940366912E-12
 1424  -3.6356965216E-13
 1425  -1.3699997322E-12
 1426   5.5377626183E-13
 1427   1.4619117321E-12
 1428   1.4583760283E-12
 1429   6.9552077445E-13
 1430   6.9552077445E-13
 1431  -6.9089100854E-12
 1432  -5.6257192596E-12
 1433  -7.9327518267E-14
 1434   8.6840200306E-12
 1435  -1.4128563712E-12
 1436  -1.0172180984E-11
 1437  -9.3766453596E-12
 1438  -2.1086494728E-12
 1439  -5.2144875169E-12
 1440   5.8823069464E-12
 1441  -2.0210882101E-12
 1442   8.6497539316E-12
 1443  -5.5042855361E-12
 1444  -7.0238911900E-12
 1445  -6.7043484191E-13
 1446   2.6635148623E-12
 1447  -1.5748790611E-12
 1448   1.5570666029E-12
 1449  -2.2915653244E-12
 1450   1.8729142167E-12
 1451   9.4054621089E-13
 1452   2.3431220661E-12
 1453   4.7229186899E-13
 1454  -4.6093268601E-12
 1455   3.6621382614E-12
 1456  -2.8896531560E-12
 1457  -6.6029134690E-12
 1458  -1.0583125037E-12
 1459  -3.0207067156E-13
 1460  -1.6257520519E-13
 1461   1.0647845373E-13
 1462  -4.2852936080E-12
 1463   2.5736160478E-12
 1464   1.5676154746E-13
 1465  -2.6702153869E-12
 1466   2.2346871159E-12
 1467  -9.9375632514E-13
 1468   1.4500350203E-12
 1469  -1.5605045007E-12
 1470  -1.5593878161E-12
 1471  -9.7478724697E-12
 1472  -9.7478724697E-12
 1473   2.3215694852E-11
 1474   8.8025732294E-13
 1475   7.7177868908E-13
 1476   1.7084435209E-11
 1477  -4.3397342666E-12
 1478  -6.1603472109E-12
 1479  -7.1225006087E-12
 1480   9.3317055295E-12
 1481  -1.5016983561E-11
 1482  -3.1852962744E-12
 1483   2.1030067908E-12
 1484  -7.8231674627E-12
 1485  -5.1007703227E-12
 1486   8.3325841234E-12
 1487  -4.9656554247E-13
 1488  -3.7023743944E-12
 1489   6.6481372099E-12
 1490   8.5829301103E-12
 1491   1.7064505798E-12
 1492  -2.6106284643E-12
 1493   4.6361370789E-12
 1494   2.6171923528E-13
 1495   2.0105285638E-12
 1496  -5.3990409785E-12
 1497   3.1074805090E-12
 1498   2.2416076435E-12
 1499   3.1166265308E-12
 1500  -4.1881571903E-12
 1501  -2.0231625285E-12
 1502  -1.5165073878E-12
 1503   1.4707943240E-12
 1504  -1.6197584267E-12
 1505   4.1176031048E-12
 1506  -1.5856594165E-12
 1507  -2.0198887010E-12
 1508  -1.2765037734E-12
 1509   1.6048581469E-12
 1510  -4.7398035598E-13
 1511  -3.5352868991E-13
 1512  -3.5091596367E-13
 1513   9.7894330721E-12
 1514   9.7894330721E-12
 1515   2.1411446480E-12
 1516   1.0492704397E-12
 1517   1.2915726974E-12
 1518  -2.3320349025E-12
 1519   8.4319539493E-12
 1520   3.3773578262E-12
 1521  -1.8731309023E-12
 1522  -1.2502953324E-11
 1523  -9.5991816686E-12
 1524  -6.7065555342E-12
 1525   7.7391671548E-12
 1526   9.0553760884E-12
 1527   1.1090741867E-12
 1528   1.5900963091E-12
 1529  -5.0143083808E-12
 1530  -1.0997348907E-12
 1531   3.3215325220E-12
 1532  -3.1888078709E-12
 1533   5.1148369197E-12
 1534  -1.8532309416E-12
 1535   1.8199120454E-12
 1536  -1.1392550452E-12
 1537  -1.1809907856E-13
 1538   8.1295782216E-13
 1539   5.4295362663E-14
 1540   2.1132304700E-12
 1541  -2.6739829378E-12
 1542   1.7502895557E-12
 1543  -1.3739722712E-12
 1544   1.2380199598E-12
 1545   2.6815409023E-12
 1546  -5.1784357463E-12
 1547   4.8580800502E-12
 1548  -9.8146715353E-13
 1549   4.8857686729E-13
 1550   3.0711350870E-12
 1551  -2.7029597460E-12
 1552  -1.1475609979E-12
 1553  -2.4422926280E-13
 1554  -2.4209714530E-13
 1555  -7.4201134115E-12
 1556  -7.4201134115E-12
 1557   6.5759311942E-13
 1558   1.5354702351E-12
 1559   2.1650739451E-12
 1560   5.6085554068E-12
 1561  -3.4274759257E-13
 1562  -8.8743839862E-12
 1563   9.0528379022E-12
 1564   4.0236468558E-12
 1565   9.4063720528E-12
 1566   2.3981711031E-12
 1567  -1.1438211155E-11
 1568  -6.1724264808E-12
 1569   1.4914729103E-12
 1570   5.6185516267E-12
 1571  -6.1338535160E-12
 1572  -2.8417267736E-12
 1573   1.5694297871E-12
 1574  -3.7635900517E-12
 1575   1.3723548259E-12
 1576   4.1366918005E-13
 1577  -1.4694867516E-12
 1578   4.8006515285E-12
 1579  -1.7721491657E-13
 1580  -6.9165696439E-12
 1581  -2.8219392672E-13
 1582   3.5508086225E-12
 1583   2.2290731255E-12
 1584   4.8061659253E-12
 1585  -8.1769119028E-13
 1586  -1.6319024098E-13
 1587  -1.5381548545E-12
 1588  -2.7129830400E-12
 1589   3.6080288516E-12
 1590  -3.1815500614E-12
 1591  -3.1288819461E-13
 1592   1.1875510848E-12
 1593  -1.6259477171E-12
 1594  -9.6888880291E-13
 1595   4.6573400975E-13
 1596   4.6297406191E-13
 1597  -9.0757274469E-13
 1598  -9.0757274469E-13
 1599  -1.4104526893E-11
 1600   2.3404232482E-12
 1601   3.5918104403E-12
 1602  -1.0602976591E-11
 1603  -1.6298869823E-12
 1604  -5.0234636854E-12
 1605  -3.1529971345E-12
 1606   9.4167346231E-12
 1607  -6.2453873319E-12
 1608   5.5039816803E-12
 1609  -1.0499022549E-12
 1610  -1.2883709519E-12
 1611  -8.9729260181E-12
 1612   5.9866274258E-12
 1613   2.1866300252E-12
 1614   3.9911844288E-12
 1615  -5.2848962259E-12
 1616  -5.7996617168E-12
 1617  -4.2791047710E-12
 1618   1.6237450885E-12
 1619   3.6246288451E-12
 1620  -6.6991225078E-12
 1621  -3.9650899401E-12
 1622   1.3798558472E-12
 1623   2.5633367771E-12
 1624   2.9476216671E-12
 1625   3.3311902889E-12
 1626   2.0223899075E-12
 1627   1.4627904388E-12
 1628  -9.7529156677E-13
 1629  -2.7070298898E-12
 1630  -2.6820196780E-13
 1631   2.1409013259E-12
 1632   1.5141152838E-12
 1633  -4.1604488879E-13
 1634   1.1110455237E-12
 1635  -3.5106687943E-13
 1636   1.2974104961E-12
 1637  -4.3886771693E-13
 1638  -4.3604055177E-13
 1639  -1.1969752319E-13
 1640  -1.1969752319E-13
 1641  -2.0544240069E-11
 1642   4.0432657384E-12
 1643  -6.9176809471E-12
 1644   9.9066973801E-12
 1645  -2.3221603130E-12
 1646   3.8558923679E-12
 1647   5.4290469299E-12
 1648  -9.2060349821E-12
 1649   1.1357736145E-12
 1650  -1.3034149652E-12
 1651  -4.2721815719E-12
 1652  -3.9011923634E-12
 1653  -1.2109211556E-12
 1654  -3.8273672114E-12
 1655  -6.9805746641E-12
 1656   3.0422706478E-12
 1657   2.5879713403E-13
 1658  -4.3540153899E-13
 1659   5.3394573480E-12
 1660  -1.3144089203E-12
 1661  -3.8180021209E-12
 1662   4.5349551758E-12
 1663   1.8691969498E-12
 1664   3.6226831293E-13
 1665  -6.0910543983E-12
 1666  -3.1986164694E-12
 1667   7.3909470807E-13
 1668   2.5198873632E-12
 1669  -7.4179047131E-13
 1670   2.1741478891E-12
 1671  -9.7203564134E-13
 1672  -8.3535085733E-14
 1673  -3.4673637759E-12
 1674   2.8300595143E-12
 1675   2.8820438018E-13
 1676   5.8048022375E-13
 1677   3.2961816282E-12
 1678  -1.3746055876E-12
 1679  -1.0522425542E-12
 1680  -1.0448235019E-12
 1681  -9.0882859650E-15
 1682  -9.0882859650E-15
 1683  -9.3488078216E-13
 1684   6.8608666646E-12
 1685  -3.4005292387E-14
 1686   2.0104127039E-13
 1687   1.0565432034E-11
 1688   8.9984005609E-12
 1689   4.4247956035E-13
 1690  -3.0638459726E-12
 1691   5.0290426168E-12
 1692  -4.2579876894E-12
 1693   3.7187959841E-12
 1694   3.7219212549E-12
 1695  -2.9568640668E-12
 1696  -2.0323137361E-13
 1697  -5.4862312320E-14
 1698   2.4159351068E-12
 1699   1.6578226899E-13
 1700  -2.0385400707E-12
 1701   3.7057677159E-12
 1702   2.0531674648E-12
 1703   1.8189768838E-12
 1704  -4.5994331132E-12
 1705  -1.8448911869E-12
 1706   1.2817545717E-12
 1707   1.4374932806E-12
 1708   2.7105285327E-12
 1709  -3.5399443300E-12
 1710  -2.6915951160E-12
 1711   3.2797988395E-12
 1712  -3.1264979943E-12
 1713   8.4275617479E-13
 1714   6.8436557172E-14
 1715  -1.1075659436E-14
 1716  -4.1606153144E-12
 1717   6.7513131004E-13
 1718   5.9615817828E-14
 1719   1.0376456084E-12
 1720  -3.7304927939E-12
 1721  -5.8601462602E-13
 1722  -5.9148890847E-13
 1723   0.0000000000E+00
 1724   9.0933336443E-15
 1725   9.3488075767E-13
 1726  -6.8608665009E-12
 1727   3.4014735073E-14
 1728  -2.0103273995E-13
 1729  -1.0565431601E-11
 1730  -8.9984035907E-12
 1731  -4.4247461345E-13
 1732   3.0638418572E-12
 1733  -5.0290391188E-12
 1734   4.2579910706E-12
 1735  -3.7187985629E-12
 1736  -3.7219214242E-12
 1737   2.9568640233E-12
 1738   2.0323318952E-13
 1739   5.4862430153E-14
 1740  -2.4159364737E-12
 1741  -1.6577992946E-13
 1742   2.0385412890E-12
 1743  -3.7057667030E-12
 1744  -2.0531698650E-12
 1745  -1.8189777850E-12
 1746   4.5994336987E-12
 1747   1.8448918002E-12
 1748  -1.2817534925E-12
 1749  -1.4374945948E-12
 1750  -2.7105294637E-12
 1751   3.5399453861E-12
 1752   2.6915941795E-12
 1753  -3.2797986048E-12
 1754   3.1264980120E-12
 1755  -8.4275617745E-13
 1756  -6.8437484191E-14
 1757   1.1075798935E-14
 1758   4.1606153258E-12
 1759  -6.7513112587E-13
 1760  -5.9616431242E-14
 1761  -1.0376456977E-12
 1762   3.7304927084E-12
 1763   5.8601462602E-13
 1764   0.0000000000E+00
