    1   0.0000000000E+00
    2   0.0000000000E+00
    3   0.0000000000E+00
    4   0.0000000000E+00
    5   0.0000000000E+00
    6   0.0000000000E+00
    7   0.0000000000E+00
    8   0.0000000000E+00
    9   0.0000000000E+00
   10   0.0000000000E+00
   11   0.0000000000E+00
   12   0.0000000000E+00
   13   0.0000000000E+00
   14   0.0000000000E+00
   15   0.0000000000E+00
   16   0.0000000000E+00
   17   0.0000000000E+00
   18   0.0000000000E+00
   19   0.0000000000E+00
   20   0.0000000000E+00
   21   0.0000000000E+00
   22   0.0000000000E+00
   23   0.0000000000E+00
   24   0.0000000000E+00
   25   0.0000000000E+00
   26   0.0000000000E+00
   27   0.0000000000E+00
   28   0.0000000000E+00
   29   0.0000000000E+00
   30   0.0000000000E+00
   31   0.0000000000E+00
   32   0.0000000000E+00
   33   0.0000000000E+00
   34   0.0000000000E+00
   35   0.0000000000E+00
   36   0.0000000000E+00
   37   0.0000000000E+00
   38   0.0000000000E+00
   39   0.0000000000E+00
   40   0.0000000000E+00
   41   0.0000000000E+00
   42   0.0000000000E+00
   43   0.0000000000E+00
   44   6.0151684733E-15
   45   0.0000000000E+00
   46  -3.0073956929E-14
   47   0.0000000000E+00
   48  -5.4125191208E-14
   49   0.0000000000E+00
   50   0.0000000000E+00
   51  -9.0174526560E-14
   52   0.0000000000E+00
   53  -1.1418001484E-13
   54   0.0000000000E+00
   55   0.0000000000E+00
   56   1.5013115684E-13
   57   0.0000000000E+00
   58  -1.7405082550E-13
   59   0.0000000000E+00
   60   0.0000000000E+00
   61   0.0000000000E+00
   62   0.0000000000E+00
   63   0.0000000000E+00
   64   2.4550211028E-13
   65   0.0000000000E+00
   66  -2.6919064432E-13
   67  -2.8100600512E-13
   68   0.0000000000E+00
   69   0.0000000000E+00
   70   0.0000000000E+00
   71   0.0000000000E+00
   72  -3.3974455702E-13
   73   0.0000000000E+00
   74   3.6305614308E-13
   75   0.0000000000E+00
   76   3.8624342228E-13
   77   0.0000000000E+00
   78   0.0000000000E+00
   79   0.0000000000E+00
   80   0.0000000000E+00
   81   0.0000000000E+00
   82   0.0000000000E+00
   83   0.0000000000E+00
   84   0.0000000000E+00
   85   0.0000000000E+00
   86   0.0000000000E+00
   87   0.0000000000E+00
   88   0.0000000000E+00
   89   0.0000000000E+00
   90   0.0000000000E+00
   91   0.0000000000E+00
   92  -8.6695444742E-14
   93   9.9993323096E-14
   94   0.0000000000E+00
   95   0.0000000000E+00
   96   0.0000000000E+00
   97   0.0000000000E+00
   98   0.0000000000E+00
   99   0.0000000000E+00
  100   0.0000000000E+00
  101   0.0000000000E+00
  102   0.0000000000E+00
  103   0.0000000000E+00
  104   0.0000000000E+00
  105   0.0000000000E+00
  106   0.0000000000E+00
  107   0.0000000000E+00
  108   0.0000000000E+00
  109   0.0000000000E+00
  110  -3.2133608768E-13
  111   0.0000000000E+00
  112  -3.4642594050E-13
  113   0.0000000000E+00
  114   0.0000000000E+00
  115   0.0000000000E+00
  116   0.0000000000E+00
  117   0.0000000000E+00
  118   0.0000000000E+00
  119   0.0000000000E+00
  120   0.0000000000E+00
  121  -4.5509456259E-13
  122   0.0000000000E+00
  123   4.7803070758E-13
  124   0.0000000000E+00
  125   0.0000000000E+00
  126   0.0000000000E+00
  127   0.0000000000E+00
  128   0.0000000000E+00
  129   2.2013539619E-14
  130   0.0000000000E+00
  131   0.0000000000E+00
  132   0.0000000000E+00
  133   8.0619328400E-14
  134   0.0000000000E+00
  135   0.0000000000E+00
  136   0.0000000000E+00
  137   0.0000000000E+00
  138   0.0000000000E+00
  139  -1.6782128795E-13
  140   0.0000000000E+00
  141   0.0000000000E+00
  142   0.0000000000E+00
  143   0.0000000000E+00
  144   0.0000000000E+00
  145   0.0000000000E+00
  146   0.0000000000E+00
  147   2.8139849923E-13
  148   0.0000000000E+00
  149   3.0907136457E-13
  150   0.0000000000E+00
  151   0.0000000000E+00
  152   3.4987164452E-13
  153   0.0000000000E+00
  154   0.0000000000E+00
  155   0.0000000000E+00
  156   0.0000000000E+00
  157   0.0000000000E+00
  158   0.0000000000E+00
  159   0.0000000000E+00
  160   0.0000000000E+00
  161   0.0000000000E+00
  162   0.0000000000E+00
  163   4.8943208837E-13
  164   0.0000000000E+00
  165   0.0000000000E+00
  166  -5.2368510727E-13
  167   5.3461407736E-13
  168   0.0000000000E+00
  169   0.0000000000E+00
  170   8.0001279968E-15
  171   0.0000000000E+00
  172   0.0000000000E+00
  173   0.0000000000E+00
  174   0.0000000000E+00
  175   0.0000000000E+00
  176   0.0000000000E+00
  177   0.0000000000E+00
  178  -1.3546088344E-13
  179   0.0000000000E+00
  180   0.0000000000E+00
  181   0.0000000000E+00
  182   1.9826681498E-13
  183   0.0000000000E+00
  184   2.2928029030E-13
  185   0.0000000000E+00
  186   0.0000000000E+00
  187   0.0000000000E+00
  188   0.0000000000E+00
  189  -3.0528216549E-13
  190   0.0000000000E+00
  191   0.0000000000E+00
  192   3.4956220103E-13
  193   3.6405762395E-13
  194   0.0000000000E+00
  195   0.0000000000E+00
  196   0.0000000000E+00
  197   0.0000000000E+00
  198  -4.3416697408E-13
  199   0.0000000000E+00
  200   0.0000000000E+00
  201  -4.7398236491E-13
  202   0.0000000000E+00
  203   4.9939476813E-13
  204   0.0000000000E+00
  205   0.0000000000E+00
  206   0.0000000000E+00
  207   0.0000000000E+00
  208   0.0000000000E+00
  209   0.0000000000E+00
  210   0.0000000000E+00
  211   0.0000000000E+00
  212   0.0000000000E+00
  213   2.5981950788E-14
  214   0.0000000000E+00
  215   0.0000000000E+00
  216  -7.7854105077E-14
  217   0.0000000000E+00
  218   0.0000000000E+00
  219   0.0000000000E+00
  220   1.4655433240E-13
  221  -1.6360016685E-13
  222   1.8057998082E-13
  223   0.0000000000E+00
  224   0.0000000000E+00
  225  -2.3104918667E-13
  226   0.0000000000E+00
  227   0.0000000000E+00
  228   0.0000000000E+00
  229   0.0000000000E+00
  230   0.0000000000E+00
  231   0.0000000000E+00
  232   3.4505485392E-13
  233   0.0000000000E+00
  234  -3.7635271993E-13
  235   3.9174149689E-13
  236   0.0000000000E+00
  237   0.0000000000E+00
  238  -4.3673758158E-13
  239   0.0000000000E+00
  240   0.0000000000E+00
  241   0.0000000000E+00
  242   4.9354644733E-13
  243   0.0000000000E+00
  244   5.2033301980E-13
  245  -5.3326444291E-13
  246  -5.4586277104E-13
  247   0.0000000000E+00
  248   0.0000000000E+00
  249   0.0000000000E+00
  250  -5.9247773290E-13
  251   0.0000000000E+00
  252   0.0000000000E+00
  253   0.0000000000E+00
  254   9.3234343457E-15
  255   0.0000000000E+00
  256   0.0000000000E+00
  257   6.5205941641E-14
  258   0.0000000000E+00
  259   0.0000000000E+00
  260   0.0000000000E+00
  261   1.3926850924E-13
  262   0.0000000000E+00
  263   0.0000000000E+00
  264   0.0000000000E+00
  265   0.0000000000E+00
  266   0.0000000000E+00
  267   0.0000000000E+00
  268   0.0000000000E+00
  269   0.0000000000E+00
  270   0.0000000000E+00
  271   0.0000000000E+00
  272   0.0000000000E+00
  273   3.5304949803E-13
  274   0.0000000000E+00
  275   0.0000000000E+00
  276   0.0000000000E+00
  277  -4.1942536984E-13
  278   0.0000000000E+00
  279  -4.5128844272E-13
  280   0.0000000000E+00
  281   4.8212234716E-13
  282  -4.9711525213E-13
  283   0.0000000000E+00
  284   0.0000000000E+00
  285   0.0000000000E+00
  286   0.0000000000E+00
  287   0.0000000000E+00
  288   0.0000000000E+00
  289  -5.9244466572E-13
  290   0.0000000000E+00
  291   0.0000000000E+00
  292   0.0000000000E+00
  293  -6.3727535939E-13
  294   0.0000000000E+00
  295   0.0000000000E+00
  296   0.0000000000E+00
  297   2.9950361957E-14
  298   0.0000000000E+00
  299   0.0000000000E+00
  300   0.0000000000E+00
  301   1.0956583665E-13
  302   0.0000000000E+00
  303   0.0000000000E+00
  304   0.0000000000E+00
  305   0.0000000000E+00
  306   0.0000000000E+00
  307   0.0000000000E+00
  308   0.0000000000E+00
  309   0.0000000000E+00
  310  -2.8450975510E-13
  311   0.0000000000E+00
  312   0.0000000000E+00
  313   0.0000000000E+00
  314  -3.5882233412E-13
  315  -3.7693316429E-13
  316   0.0000000000E+00
  317   4.1250282611E-13
  318   0.0000000000E+00
  319   0.0000000000E+00
  320  -4.6401387188E-13
  321   0.0000000000E+00
  322   0.0000000000E+00
  323   0.0000000000E+00
  324   0.0000000000E+00
  325   0.0000000000E+00
  326   0.0000000000E+00
  327  -5.7329850156E-13
  328   0.0000000000E+00
  329   0.0000000000E+00
  330   0.0000000000E+00
  331   6.2678219150E-13
  332  -6.3887162898E-13
  333   0.0000000000E+00
  334  -6.6127035853E-13
  335   0.0000000000E+00
  336   0.0000000000E+00
  337   0.0000000000E+00
  338   1.0646740695E-14
  339   0.0000000000E+00
  340   0.0000000000E+00
  341   0.0000000000E+00
  342   0.0000000000E+00
  343   0.0000000000E+00
  344   0.0000000000E+00
  345   1.5890610232E-13
  346   0.0000000000E+00
  347   0.0000000000E+00
  348   0.0000000000E+00
  349   0.0000000000E+00
  350   2.6244769250E-13
  351   0.0000000000E+00
  352   3.0291957670E-13
  353   0.0000000000E+00
  354   0.0000000000E+00
  355   3.6229042217E-13
  356   0.0000000000E+00
  357   0.0000000000E+00
  358   0.0000000000E+00
  359   0.0000000000E+00
  360   0.0000000000E+00
  361   0.0000000000E+00
  362   4.9254942872E-13
  363   0.0000000000E+00
  364  -5.2704922266E-13
  365   0.0000000000E+00
  366  -5.6006353017E-13
  367   0.0000000000E+00
  368   5.9141417552E-13
  369   0.0000000000E+00
  370   6.2090021793E-13
  371   6.3487346728E-13
  372   0.0000000000E+00
  373   0.0000000000E+00
  374   1.3466400799E-12
  375   0.0000000000E+00
  376   1.3913333427E-12
  377  -1.4114324282E-12
  378   0.0000000000E+00
  379   0.0000000000E+00
  380   0.0000000000E+00
  381   3.3918773126E-14
  382   5.6509916909E-14
  383   0.0000000000E+00
  384  -1.0158301895E-13
  385   0.0000000000E+00
  386   0.0000000000E+00
  387   0.0000000000E+00
  388   0.0000000000E+00
  389   0.0000000000E+00
  390   0.0000000000E+00
  391  -2.5681670691E-13
  392   0.0000000000E+00
  393   0.0000000000E+00
  394   0.0000000000E+00
  395   0.0000000000E+00
  396   0.0000000000E+00
  397   0.0000000000E+00
  398   0.0000000000E+00
  399   4.2470049683E-13
  400   4.4460759756E-13
  401   0.0000000000E+00
  402   4.8351479553E-13
  403   5.0247698867E-13
  404   0.0000000000E+00
  405   0.0000000000E+00
  406   0.0000000000E+00
  407   0.0000000000E+00
  408   0.0000000000E+00
  409   6.0803645065E-13
  410  -6.2403675158E-13
  411   0.0000000000E+00
  412   0.0000000000E+00
  413  -6.6874314207E-13
  414   0.0000000000E+00
  415   0.0000000000E+00
  416   0.0000000000E+00
  417   0.0000000000E+00
  418   0.0000000000E+00
  419   0.0000000000E+00
  420   0.0000000000E+00
  421   0.0000000000E+00
  422   0.0000000000E+00
  423  -3.5902978711E-14
  424   0.0000000000E+00
  425   0.0000000000E+00
  426   0.0000000000E+00
  427   1.3127571783E-13
  428   0.0000000000E+00
  429   1.7854369539E-13
  430   0.0000000000E+00
  431  -2.2537535686E-13
  432   2.4858975996E-13
  433   0.0000000000E+00
  434   0.0000000000E+00
  435   0.0000000000E+00
  436   0.0000000000E+00
  437   3.6201826448E-13
  438   0.0000000000E+00
  439   0.0000000000E+00
  440   0.0000000000E+00
  441  -4.4858416310E-13
  442   0.0000000000E+00
  443   0.0000000000E+00
  444  -5.1030531443E-13
  445  -5.3016086162E-13
  446   0.0000000000E+00
  447   0.0000000000E+00
  448   0.0000000000E+00
  449   0.0000000000E+00
  450  -6.2301180821E-13
  451   0.0000000000E+00
  452   0.0000000000E+00
  453   0.0000000000E+00
  454   0.0000000000E+00
  455   0.0000000000E+00
  456   1.4331548330E-12
  457   0.0000000000E+00
  458   1.4844337238E-12
  459   0.0000000000E+00
  460   0.0000000000E+00
  461  -1.5483141375E-12
  462   0.0000000000E+00
  463   0.0000000000E+00
  464   0.0000000000E+00
  465   0.0000000000E+00
  466   0.0000000000E+00
  467   0.0000000000E+00
  468   0.0000000000E+00
  469   0.0000000000E+00
  470   0.0000000000E+00
  471   0.0000000000E+00
  472   0.0000000000E+00
  473   0.0000000000E+00
  474   0.0000000000E+00
  475   0.0000000000E+00
  476   3.1058335063E-13
  477   0.0000000000E+00
  478   3.5814904150E-13
  479   0.0000000000E+00
  480   4.0474196884E-13
  481   0.0000000000E+00
  482   0.0000000000E+00
  483   0.0000000000E+00
  484   0.0000000000E+00
  485   5.1593428765E-13
  486   0.0000000000E+00
  487   0.0000000000E+00
  488   0.0000000000E+00
  489   0.0000000000E+00
  490  -6.1736086374E-13
  491   0.0000000000E+00
  492   0.0000000000E+00
  493   6.7219181051E-13
  494   0.0000000000E+00
  495   0.0000000000E+00
  496   0.0000000000E+00
  497   0.0000000000E+00
  498   0.0000000000E+00
  499   1.5282645893E-12
  500   0.0000000000E+00
  501   0.0000000000E+00
  502   0.0000000000E+00
  503   0.0000000000E+00
  504   0.0000000000E+00
  505   0.0000000000E+00
  506   0.0000000000E+00
  507   3.9871389880E-14
  508   0.0000000000E+00
  509   0.0000000000E+00
  510   0.0000000000E+00
  511   0.0000000000E+00
  512   0.0000000000E+00
  513   1.9818128846E-13
  514   0.0000000000E+00
  515   0.0000000000E+00
  516   0.0000000000E+00
  517   0.0000000000E+00
  518   0.0000000000E+00
  519   0.0000000000E+00
  520   0.0000000000E+00
  521   0.0000000000E+00
  522  -4.2542374851E-13
  523   0.0000000000E+00
  524   0.0000000000E+00
  525   0.0000000000E+00
  526   0.0000000000E+00
  527   0.0000000000E+00
  528   0.0000000000E+00
  529   0.0000000000E+00
  530  -6.0669165608E-13
  531  -6.2734699530E-13
  532   0.0000000000E+00
  533   0.0000000000E+00
  534   0.0000000000E+00
  535   0.0000000000E+00
  536   0.0000000000E+00
  537   0.0000000000E+00
  538   1.5099796309E-12
  539   0.0000000000E+00
  540   1.5697265493E-12
  541   0.0000000000E+00
  542   1.6222273676E-12
  543   1.6454622969E-12
  544   1.6665038452E-12
  545  -1.6851958469E-12
  546   0.0000000000E+00
  547   0.0000000000E+00
  548   0.0000000000E+00
  549  -4.1855595464E-14
  550   0.0000000000E+00
  551   9.7553003290E-14
  552  -1.2531193282E-13
  553   1.5298559901E-13
  554   0.0000000000E+00
  555   0.0000000000E+00
  556   0.0000000000E+00
  557  -2.6244047086E-13
  558   0.0000000000E+00
  559   0.0000000000E+00
  560   0.0000000000E+00
  561   0.0000000000E+00
  562   0.0000000000E+00
  563   0.0000000000E+00
  564   0.0000000000E+00
  565   0.0000000000E+00
  566   0.0000000000E+00
  567  -5.2023516190E-13
  568   0.0000000000E+00
  569   0.0000000000E+00
  570   5.9067687113E-13
  571   6.1321248045E-13
  572   6.3522721291E-13
  573   0.0000000000E+00
  574   0.0000000000E+00
  575   0.0000000000E+00
  576  -7.1743422528E-13
  577   0.0000000000E+00
  578   0.0000000000E+00
  579   1.5438615497E-12
  580   0.0000000000E+00
  581  -1.6084436824E-12
  582   0.0000000000E+00
  583   0.0000000000E+00
  584   0.0000000000E+00
  585   0.0000000000E+00
  586   0.0000000000E+00
  587   0.0000000000E+00
  588   0.0000000000E+00
  589   0.0000000000E+00
  590   1.4616659742E-14
  591   0.0000000000E+00
  592   0.0000000000E+00
  593   0.0000000000E+00
  594   0.0000000000E+00
  595   0.0000000000E+00
  596   0.0000000000E+00
  597   2.1781888154E-13
  598   0.0000000000E+00
  599   0.0000000000E+00
  600   0.0000000000E+00
  601   0.0000000000E+00
  602   0.0000000000E+00
  603   0.0000000000E+00
  604  -4.1337850630E-13
  605   0.0000000000E+00
  606   0.0000000000E+00
  607  -4.9296118710E-13
  608   0.0000000000E+00
  609   0.0000000000E+00
  610   5.6904852711E-13
  611   0.0000000000E+00
  612  -6.1746739003E-13
  613  -6.4089635339E-13
  614   0.0000000000E+00
  615   0.0000000000E+00
  616  -7.0767250482E-13
  617   7.2864386488E-13
  618  -7.4890836430E-13
  619  -1.5368497006E-12
  620   0.0000000000E+00
  621   0.0000000000E+00
  622   0.0000000000E+00
  623   0.0000000000E+00
  624   1.7062982657E-12
  625   0.0000000000E+00
  626   0.0000000000E+00
  627   0.0000000000E+00
  628   0.0000000000E+00
  629  -1.8220775563E-12
  630   0.0000000000E+00
  631   0.0000000000E+00
  632  -1.5278312916E-14
  633   0.0000000000E+00
  634   0.0000000000E+00
  635   0.0000000000E+00
  636   0.0000000000E+00
  637   0.0000000000E+00
  638   0.0000000000E+00
  639   0.0000000000E+00
  640   0.0000000000E+00
  641  -2.8715054687E-13
  642   3.1659953909E-13
  643   0.0000000000E+00
  644   3.7476422815E-13
  645   0.0000000000E+00
  646   4.3178832790E-13
  647   4.5980966765E-13
  648   0.0000000000E+00
  649  -5.1473964792E-13
  650   0.0000000000E+00
  651   0.0000000000E+00
  652   0.0000000000E+00
  653   6.1936574919E-13
  654   0.0000000000E+00
  655   0.0000000000E+00
  656   0.0000000000E+00
  657   0.0000000000E+00
  658   0.0000000000E+00
  659  -7.5945905460E-13
  660   1.5607650066E-12
  661   0.0000000000E+00
  662   0.0000000000E+00
  663   0.0000000000E+00
  664   0.0000000000E+00
  665   0.0000000000E+00
  666   0.0000000000E+00
  667   1.8029647955E-12
  668   1.8289178335E-12
  669   0.0000000000E+00
  670   1.8728817221E-12
  671   0.0000000000E+00
  672   0.0000000000E+00
  673   0.0000000000E+00
  674   0.0000000000E+00
  675   0.0000000000E+00
  676   0.0000000000E+00
  677   0.0000000000E+00
  678   0.0000000000E+00
  679   0.0000000000E+00
  680   0.0000000000E+00
  681   2.3745647461E-13
  682   0.0000000000E+00
  683   0.0000000000E+00
  684   0.0000000000E+00
  685  -3.6064469571E-13
  686   0.0000000000E+00
  687   0.0000000000E+00
  688   0.0000000000E+00
  689   0.0000000000E+00
  690   5.0815086721E-13
  691   5.3651810874E-13
  692   0.0000000000E+00
  693   5.9188616070E-13
  694   0.0000000000E+00
  695   0.0000000000E+00
  696   0.0000000000E+00
  697   0.0000000000E+00
  698   0.0000000000E+00
  699   0.0000000000E+00
  700   0.0000000000E+00
  701   0.0000000000E+00
  702   0.0000000000E+00
  703   0.0000000000E+00
  704   0.0000000000E+00
  705   1.7424938230E-12
  706   0.0000000000E+00
  707   0.0000000000E+00
  708   0.0000000000E+00
  709   0.0000000000E+00
  710   0.0000000000E+00
  711   0.0000000000E+00
  712   0.0000000000E+00
  713  -1.9589592656E-12
  714   0.0000000000E+00
  715   0.0000000000E+00
  716   0.0000000000E+00
  717   0.0000000000E+00
  718   0.0000000000E+00
  719   0.0000000000E+00
  720  -1.4904084668E-13
  721   1.8193210726E-13
  722  -2.1468544697E-13
  723   0.0000000000E+00
  724   2.7967571997E-13
  725   0.0000000000E+00
  726   0.0000000000E+00
  727   0.0000000000E+00
  728   0.0000000000E+00
  729   0.0000000000E+00
  730   0.0000000000E+00
  731   0.0000000000E+00
  732   5.2883264689E-13
  733   0.0000000000E+00
  734   0.0000000000E+00
  735  -6.1576982697E-13
  736   0.0000000000E+00
  737   0.0000000000E+00
  738   6.9783894673E-13
  739   0.0000000000E+00
  740  -7.4936944027E-13
  741   0.0000000000E+00
  742   0.0000000000E+00
  743   0.0000000000E+00
  744   0.0000000000E+00
  745   0.0000000000E+00
  746   0.0000000000E+00
  747   0.0000000000E+00
  748   0.0000000000E+00
  749   0.0000000000E+00
  750   1.9111558402E-12
  751   0.0000000000E+00
  752   1.9667114773E-12
  753   0.0000000000E+00
  754   0.0000000000E+00
  755   0.0000000000E+00
  756   0.0000000000E+00
  757   0.0000000000E+00
  758   1.7263272440E-14
  759  -5.1776623387E-14
  760   0.0000000000E+00
  761   0.0000000000E+00
  762   0.0000000000E+00
  763   0.0000000000E+00
  764   0.0000000000E+00
  765   2.5709406768E-13
  766   0.0000000000E+00
  767  -3.2421566087E-13
  768   0.0000000000E+00
  769   0.0000000000E+00
  770   4.2289988629E-13
  771   0.0000000000E+00
  772   4.8701779270E-13
  773   0.0000000000E+00
  774  -5.4951442656E-13
  775   0.0000000000E+00
  776   0.0000000000E+00
  777   0.0000000000E+00
  778   6.6860127074E-13
  779   0.0000000000E+00
  780  -7.2462946563E-13
  781   7.5163184517E-13
  782   7.7790499711E-13
  783  -8.0340554787E-13
  784   0.0000000000E+00
  785   1.7038092475E-12
  786   0.0000000000E+00
  787  -1.7934711400E-12
  788   0.0000000000E+00
  789   1.8749153385E-12
  790   0.0000000000E+00
  791  -1.9471404303E-12
  792   0.0000000000E+00
  793   0.0000000000E+00
  794   0.0000000000E+00
  795   0.0000000000E+00
  796   2.0792595990E-12
  797  -2.0958409750E-12
  798   0.0000000000E+00
  799   0.0000000000E+00
  800  -8.9624628070E-15
  801   5.3760828971E-14
  802   0.0000000000E+00
  803   1.2527905613E-13
  804   0.0000000000E+00
  805   0.0000000000E+00
  806   0.0000000000E+00
  807   0.0000000000E+00
  808   0.0000000000E+00
  809   0.0000000000E+00
  810   0.0000000000E+00
  811   0.0000000000E+00
  812   0.0000000000E+00
  813   0.0000000000E+00
  814   0.0000000000E+00
  815   5.3804279018E-13
  816   0.0000000000E+00
  817   0.0000000000E+00
  818   0.0000000000E+00
  819   6.6353715950E-13
  820   0.0000000000E+00
  821   7.2279721074E-13
  822   0.0000000000E+00
  823  -7.7931571811E-13
  824   0.0000000000E+00
  825   0.0000000000E+00
  826  -1.7163838132E-12
  827   0.0000000000E+00
  828   1.8125581188E-12
  829   0.0000000000E+00
  830  -1.9005250244E-12
  831   0.0000000000E+00
  832   1.9792932222E-12
  833   0.0000000000E+00
  834   2.0477275566E-12
  835   2.0776650018E-12
  836   2.1045051212E-12
  837   0.0000000000E+00
  838   0.0000000000E+00
  839   0.0000000000E+00
  840   0.0000000000E+00
  841   0.0000000000E+00
  842  -9.2932893942E-15
  843   0.0000000000E+00
  844   0.0000000000E+00
  845   0.0000000000E+00
  846   0.0000000000E+00
  847   2.0364198844E-13
  848   0.0000000000E+00
  849   0.0000000000E+00
  850   0.0000000000E+00
  851   0.0000000000E+00
  852   3.8460931822E-13
  853   0.0000000000E+00
  854   0.0000000000E+00
  855  -4.8962237248E-13
  856   0.0000000000E+00
  857   0.0000000000E+00
  858   0.0000000000E+00
  859   0.0000000000E+00
  860   0.0000000000E+00
  861  -6.8742082577E-13
  862   0.0000000000E+00
  863   0.0000000000E+00
  864   0.0000000000E+00
  865   0.0000000000E+00
  866   0.0000000000E+00
  867   8.6209173206E-13
  868   0.0000000000E+00
  869   0.0000000000E+00
  870   0.0000000000E+00
  871   0.0000000000E+00
  872   0.0000000000E+00
  873   0.0000000000E+00
  874   0.0000000000E+00
  875   0.0000000000E+00
  876   0.0000000000E+00
  877   0.0000000000E+00
  878   0.0000000000E+00
  879   0.0000000000E+00
  880   0.0000000000E+00
  881   0.0000000000E+00
  882   0.0000000000E+00
  883   0.0000000000E+00
  884   9.6241159815E-15
  885  -2.8864620070E-14
  886   0.0000000000E+00
  887   0.0000000000E+00
  888  -1.7276976055E-13
  889   0.0000000000E+00
  890   0.0000000000E+00
  891   2.8655045729E-13
  892   0.0000000000E+00
  893  -3.6128077488E-13
  894   0.0000000000E+00
  895   0.0000000000E+00
  896   0.0000000000E+00
  897   0.0000000000E+00
  898  -5.4224725750E-13
  899   0.0000000000E+00
  900   6.1155976559E-13
  901  -6.4541041284E-13
  902   0.0000000000E+00
  903   0.0000000000E+00
  904   0.0000000000E+00
  905   0.0000000000E+00
  906   8.0500102233E-13
  907   0.0000000000E+00
  908   0.0000000000E+00
  909   0.0000000000E+00
  910   0.0000000000E+00
  911   0.0000000000E+00
  912   0.0000000000E+00
  913  -1.9859372195E-12
  914   0.0000000000E+00
  915   2.0735476118E-12
  916   0.0000000000E+00
  917   0.0000000000E+00
  918   0.0000000000E+00
  919   0.0000000000E+00
  920   2.2422987651E-12
  921   0.0000000000E+00
  922   0.0000000000E+00
  923  -2.3011635391E-12
  924   0.0000000000E+00
  925   0.0000000000E+00
  926   9.9549425687E-15
  927  -2.9856722862E-14
  928  -4.9734175938E-14
  929   0.0000000000E+00
  930   0.0000000000E+00
  931   0.0000000000E+00
  932   0.0000000000E+00
  933   0.0000000000E+00
  934   0.0000000000E+00
  935   0.0000000000E+00
  936   0.0000000000E+00
  937  -4.4964011467E-13
  938   0.0000000000E+00
  939   0.0000000000E+00
  940   5.6065707910E-13
  941   0.0000000000E+00
  942   6.3224154527E-13
  943  -6.6718887366E-13
  944   0.0000000000E+00
  945   7.3518815830E-13
  946   7.6815401438E-13
  947   8.0037080690E-13
  948  -8.3179154123E-13
  949   8.6236733695E-13
  950  -8.9204722447E-13
  951   0.0000000000E+00
  952   0.0000000000E+00
  953   0.0000000000E+00
  954   2.0014029530E-12
  955   0.0000000000E+00
  956   0.0000000000E+00
  957   0.0000000000E+00
  958   0.0000000000E+00
  959   0.0000000000E+00
  960   2.2525851311E-12
  961   0.0000000000E+00
  962   0.0000000000E+00
  963   0.0000000000E+00
  964   2.3544301015E-12
  965   0.0000000000E+00
  966   0.0000000000E+00
  967   0.0000000000E+00
  968  -1.0285769156E-14
  969   3.0848825655E-14
  970   0.0000000000E+00
  971   0.0000000000E+00
  972   0.0000000000E+00
  973   2.2535186963E-13
  974   0.0000000000E+00
  975   3.0618805037E-13
  976   0.0000000000E+00
  977   0.0000000000E+00
  978   0.0000000000E+00
  979   0.0000000000E+00
  980  -5.0312598319E-13
  981   0.0000000000E+00
  982   0.0000000000E+00
  983   0.0000000000E+00
  984  -6.5292332494E-13
  985   6.8896733449E-13
  986   0.0000000000E+00
  987  -7.5907182457E-13
  988   0.0000000000E+00
  989   0.0000000000E+00
  990   0.0000000000E+00
  991  -8.9005120989E-13
  992   9.2058278131E-13
  993   1.9002420167E-12
  994   0.0000000000E+00
  995   0.0000000000E+00
  996   0.0000000000E+00
  997   0.0000000000E+00
  998   0.0000000000E+00
  999   0.0000000000E+00
 1000   2.2474724172E-12
 1001  -2.2858371782E-12
 1002   0.0000000000E+00
 1003   0.0000000000E+00
 1004   0.0000000000E+00
 1005   0.0000000000E+00
 1006   0.0000000000E+00
 1007  -2.4380452485E-12
 1008   0.0000000000E+00
 1009   0.0000000000E+00
 1010   1.0616595743E-14
 1011   0.0000000000E+00
 1012   0.0000000000E+00
 1013   0.0000000000E+00
 1014   0.0000000000E+00
 1015   0.0000000000E+00
 1016   0.0000000000E+00
 1017   0.0000000000E+00
 1018   0.0000000000E+00
 1019  -3.9834588889E-13
 1020   4.3901714152E-13
 1021   0.0000000000E+00
 1022   0.0000000000E+00
 1023   0.0000000000E+00
 1024   0.0000000000E+00
 1025   6.3583419335E-13
 1026   0.0000000000E+00
 1027   0.0000000000E+00
 1028   0.0000000000E+00
 1029   0.0000000000E+00
 1030   0.0000000000E+00
 1031   0.0000000000E+00
 1032   0.0000000000E+00
 1033   0.0000000000E+00
 1034   0.0000000000E+00
 1035   0.0000000000E+00
 1036   0.0000000000E+00
 1037   0.0000000000E+00
 1038   0.0000000000E+00
 1039   0.0000000000E+00
 1040   0.0000000000E+00
 1041   0.0000000000E+00
 1042   0.0000000000E+00
 1043   0.0000000000E+00
 1044   2.3891568475E-12
 1045   2.4210402596E-12
 1046   2.4489892309E-12
 1047   2.4727433550E-12
 1048   0.0000000000E+00
 1049   0.0000000000E+00
 1050   0.0000000000E+00
 1051   0.0000000000E+00
 1052   0.0000000000E+00
 1053  -3.2833031239E-14
 1054   0.0000000000E+00
 1055  -7.6502554487E-14
 1056   9.8249337211E-14
 1057   0.0000000000E+00
 1058  -2.8294678149E-13
 1059   3.2582564344E-13
 1060   3.6842331168E-13
 1061   0.0000000000E+00
 1062   0.0000000000E+00
 1063   0.0000000000E+00
 1064   0.0000000000E+00
 1065   0.0000000000E+00
 1066   6.1588654390E-13
 1067   0.0000000000E+00
 1068   0.0000000000E+00
 1069   0.0000000000E+00
 1070  -7.7005776765E-13
 1071   0.0000000000E+00
 1072   0.0000000000E+00
 1073   0.0000000000E+00
 1074   9.1216309794E-13
 1075   0.0000000000E+00
 1076   0.0000000000E+00
 1077   2.0176143851E-12
 1078   0.0000000000E+00
 1079   0.0000000000E+00
 1080   0.0000000000E+00
 1081  -2.2425586590E-12
 1082   0.0000000000E+00
 1083   0.0000000000E+00
 1084   0.0000000000E+00
 1085   0.0000000000E+00
 1086   0.0000000000E+00
 1087   0.0000000000E+00
 1088   0.0000000000E+00
 1089   0.0000000000E+00
 1090   2.5608079784E-12
 1091  -2.5749269578E-12
 1092   0.0000000000E+00
 1093   0.0000000000E+00
 1094  -1.1278248918E-14
 1095   0.0000000000E+00
 1096   0.0000000000E+00
 1097   7.8813058891E-14
 1098  -1.0121545144E-13
 1099   0.0000000000E+00
 1100   0.0000000000E+00
 1101   0.0000000000E+00
 1102   0.0000000000E+00
 1103   0.0000000000E+00
 1104   0.0000000000E+00
 1105  -5.0897039398E-13
 1106  -5.5126164132E-13
 1107   0.0000000000E+00
 1108   0.0000000000E+00
 1109   0.0000000000E+00
 1110   0.0000000000E+00
 1111   0.0000000000E+00
 1112   0.0000000000E+00
 1113  -8.3072282337E-13
 1114   0.0000000000E+00
 1115   9.0380226844E-13
 1116  -9.3895361684E-13
 1117   0.0000000000E+00
 1118   0.0000000000E+00
 1119   0.0000000000E+00
 1120  -2.1378381383E-12
 1121   0.0000000000E+00
 1122   2.2531960651E-12
 1123   0.0000000000E+00
 1124   0.0000000000E+00
 1125   0.0000000000E+00
 1126   2.4486068135E-12
 1127   0.0000000000E+00
 1128   2.5257285638E-12
 1129   0.0000000000E+00
 1130   2.5867828748E-12
 1131   0.0000000000E+00
 1132   0.0000000000E+00
 1133   0.0000000000E+00
 1134   0.0000000000E+00
 1135   0.0000000000E+00
 1136   0.0000000000E+00
 1137   0.0000000000E+00
 1138  -5.7995413431E-14
 1139   8.1123563294E-14
 1140   0.0000000000E+00
 1141  -1.2714918894E-13
 1142   0.0000000000E+00
 1143   3.4546323651E-13
 1144   0.0000000000E+00
 1145  -4.3541100289E-13
 1146   0.0000000000E+00
 1147   0.0000000000E+00
 1148   0.0000000000E+00
 1149   0.0000000000E+00
 1150   0.0000000000E+00
 1151   0.0000000000E+00
 1152   7.3565044365E-13
 1153  -7.7608117777E-13
 1154   0.0000000000E+00
 1155   0.0000000000E+00
 1156   0.0000000000E+00
 1157   0.0000000000E+00
 1158   0.0000000000E+00
 1159   1.0007867017E-12
 1160   2.0694500173E-12
 1161   0.0000000000E+00
 1162   0.0000000000E+00
 1163   0.0000000000E+00
 1164   0.0000000000E+00
 1165   0.0000000000E+00
 1166   0.0000000000E+00
 1167   0.0000000000E+00
 1168   0.0000000000E+00
 1169   0.0000000000E+00
 1170   0.0000000000E+00
 1171   0.0000000000E+00
 1172   0.0000000000E+00
 1173   0.0000000000E+00
 1174   0.0000000000E+00
 1175  -2.7118086672E-12
 1176   0.0000000000E+00
 1177   0.0000000000E+00
 1178   0.0000000000E+00
 1179   0.0000000000E+00
 1180   0.0000000000E+00
 1181  -8.3434067698E-14
 1182   0.0000000000E+00
 1183   0.0000000000E+00
 1184  -1.5427239097E-13
 1185   0.0000000000E+00
 1186   0.0000000000E+00
 1187   0.0000000000E+00
 1188   0.0000000000E+00
 1189   0.0000000000E+00
 1190   0.0000000000E+00
 1191   0.0000000000E+00
 1192  -6.7111600870E-13
 1193   0.0000000000E+00
 1194   7.5633222332E-13
 1195  -7.9785963859E-13
 1196   0.0000000000E+00
 1197   0.0000000000E+00
 1198   0.0000000000E+00
 1199   0.0000000000E+00
 1200   0.0000000000E+00
 1201  -1.0284705746E-12
 1202   0.0000000000E+00
 1203   2.1936729377E-12
 1204   0.0000000000E+00
 1205   0.0000000000E+00
 1206   0.0000000000E+00
 1207  -2.4350247385E-12
 1208   0.0000000000E+00
 1209   2.5370229162E-12
 1210   0.0000000000E+00
 1211  -2.6245339261E-12
 1212   0.0000000000E+00
 1213   2.6957404659E-12
 1214   2.7245765186E-12
 1215   0.0000000000E+00
 1216   2.7671858553E-12
 1217   0.0000000000E+00
 1218   0.0000000000E+00
 1219   0.0000000000E+00
 1220   0.0000000000E+00
 1221   0.0000000000E+00
 1222   0.0000000000E+00
 1223   8.5744572101E-14
 1224   1.1011379415E-13
 1225   0.0000000000E+00
 1226   0.0000000000E+00
 1227   1.8255041479E-13
 1228   0.0000000000E+00
 1229   0.0000000000E+00
 1230   5.0702692065E-13
 1231  -5.5346810346E-13
 1232   5.9939729946E-13
 1233   0.0000000000E+00
 1234   6.8952583030E-13
 1235   7.3362559652E-13
 1236  -7.7701400300E-13
 1237  -8.1963809941E-13
 1238   0.0000000000E+00
 1239   9.0237382217E-13
 1240   0.0000000000E+00
 1241  -9.8137586460E-13
 1242   1.0193251735E-12
 1243   0.0000000000E+00
 1244   0.0000000000E+00
 1245   0.0000000000E+00
 1246   0.0000000000E+00
 1247   0.0000000000E+00
 1248   2.4420408993E-12
 1249   0.0000000000E+00
 1250   0.0000000000E+00
 1251   0.0000000000E+00
 1252   2.6497412098E-12
 1253   0.0000000000E+00
 1254   2.7305861384E-12
 1255   0.0000000000E+00
 1256   0.0000000000E+00
 1257   0.0000000000E+00
 1258   0.0000000000E+00
 1259  -2.8486903766E-12
 1260   0.0000000000E+00
 1261   0.0000000000E+00
 1262   0.0000000000E+00
 1263   0.0000000000E+00
 1264   0.0000000000E+00
 1265   0.0000000000E+00
 1266  -1.1307990838E-13
 1267  -1.3800412953E-13
 1268   0.0000000000E+00
 1269   0.0000000000E+00
 1270   0.0000000000E+00
 1271   4.7247611690E-13
 1272   0.0000000000E+00
 1273   0.0000000000E+00
 1274  -6.1544251884E-13
 1275   0.0000000000E+00
 1276   0.0000000000E+00
 1277   0.0000000000E+00
 1278   0.0000000000E+00
 1279   8.4141656023E-13
 1280   0.0000000000E+00
 1281  -9.2625748844E-13
 1282   0.0000000000E+00
 1283   0.0000000000E+00
 1284   0.0000000000E+00
 1285   0.0000000000E+00
 1286   0.0000000000E+00
 1287   2.3110453061E-12
 1288   0.0000000000E+00
 1289   0.0000000000E+00
 1290   0.0000000000E+00
 1291   0.0000000000E+00
 1292   0.0000000000E+00
 1293   0.0000000000E+00
 1294   0.0000000000E+00
 1295   0.0000000000E+00
 1296   0.0000000000E+00
 1297   0.0000000000E+00
 1298   2.8623701625E-12
 1299   0.0000000000E+00
 1300   0.0000000000E+00
 1301   0.0000000000E+00
 1302   0.0000000000E+00
 1303   0.0000000000E+00
 1304   0.0000000000E+00
 1305   3.8785647992E-14
 1306   6.4604403426E-14
 1307   0.0000000000E+00
 1308   1.1604602261E-13
 1309   0.0000000000E+00
 1310   0.0000000000E+00
 1311   0.0000000000E+00
 1312   0.0000000000E+00
 1313  -4.8483115490E-13
 1314   0.0000000000E+00
 1315   0.0000000000E+00
 1316   0.0000000000E+00
 1317   0.0000000000E+00
 1318   0.0000000000E+00
 1319   0.0000000000E+00
 1320   0.0000000000E+00
 1321   0.0000000000E+00
 1322   0.0000000000E+00
 1323   0.0000000000E+00
 1324   0.0000000000E+00
 1325  -1.0330915954E-12
 1326   1.0729062113E-12
 1327  -2.2230443869E-12
 1328   0.0000000000E+00
 1329   0.0000000000E+00
 1330   0.0000000000E+00
 1331   0.0000000000E+00
 1332   0.0000000000E+00
 1333  -2.6274908181E-12
 1334   0.0000000000E+00
 1335   0.0000000000E+00
 1336   0.0000000000E+00
 1337  -2.8277519748E-12
 1338   2.8671578547E-12
 1339   0.0000000000E+00
 1340   0.0000000000E+00
 1341   0.0000000000E+00
 1342   0.0000000000E+00
 1343  -2.9855720860E-12
 1344   0.0000000000E+00
 1345   0.0000000000E+00
 1346  -6.6316042206E-15
 1347   0.0000000000E+00
 1348  -6.6256650925E-14
 1349   9.2676085312E-14
 1350   0.0000000000E+00
 1351   0.0000000000E+00
 1352   0.0000000000E+00
 1353   1.9727860960E-13
 1354   0.0000000000E+00
 1355   0.0000000000E+00
 1356   0.0000000000E+00
 1357   0.0000000000E+00
 1358   6.4753295760E-13
 1359   0.0000000000E+00
 1360  -7.4475529510E-13
 1361   0.0000000000E+00
 1362   0.0000000000E+00
 1363   0.0000000000E+00
 1364   0.0000000000E+00
 1365   9.7402482098E-13
 1366   0.0000000000E+00
 1367   0.0000000000E+00
 1368   0.0000000000E+00
 1369   0.0000000000E+00
 1370   2.3548055857E-12
 1371   2.4284176744E-12
 1372  -2.4990847026E-12
 1373   0.0000000000E+00
 1374   0.0000000000E+00
 1375   0.0000000000E+00
 1376  -2.7487120020E-12
 1377   0.0000000000E+00
 1378   0.0000000000E+00
 1379   0.0000000000E+00
 1380   0.0000000000E+00
 1381   0.0000000000E+00
 1382   0.0000000000E+00
 1383   0.0000000000E+00
 1384   3.0423563579E-12
 1385   0.0000000000E+00
 1386   0.0000000000E+00
 1387   0.0000000000E+00
 1388   0.0000000000E+00
 1389   0.0000000000E+00
 1390   0.0000000000E+00
 1391   9.4986589716E-14
 1392  -1.2197825108E-13
 1393  -1.4885907012E-13
 1394   0.0000000000E+00
 1395   0.0000000000E+00
 1396   0.0000000000E+00
 1397   0.0000000000E+00
 1398   0.0000000000E+00
 1399   0.0000000000E+00
 1400  -6.6357817698E-13
 1401   0.0000000000E+00
 1402   7.6316511670E-13
 1403   0.0000000000E+00
 1404   8.5974112170E-13
 1405   0.0000000000E+00
 1406   0.0000000000E+00
 1407  -9.9790848724E-13
 1408   0.0000000000E+00
 1409   0.0000000000E+00
 1410   0.0000000000E+00
 1411   0.0000000000E+00
 1412   0.0000000000E+00
 1413   0.0000000000E+00
 1414   0.0000000000E+00
 1415   0.0000000000E+00
 1416   2.6938340114E-12
 1417   0.0000000000E+00
 1418   0.0000000000E+00
 1419   0.0000000000E+00
 1420   2.9179204048E-12
 1421   0.0000000000E+00
 1422   3.0037295711E-12
 1423   3.0391157237E-12
 1424   3.0690606283E-12
 1425   0.0000000000E+00
 1426   0.0000000000E+00
 1427  -3.1224537953E-12
 1428   0.0000000000E+00
 1429   0.0000000000E+00
 1430   0.0000000000E+00
 1431   0.0000000000E+00
 1432   3.4780572961E-14
 1433   0.0000000000E+00
 1434   1.2494436531E-13
 1435   0.0000000000E+00
 1436  -1.7987039141E-13
 1437   0.0000000000E+00
 1438   0.0000000000E+00
 1439   0.0000000000E+00
 1440   5.7503669978E-13
 1441  -6.2763095260E-13
 1442   0.0000000000E+00
 1443   0.0000000000E+00
 1444   0.0000000000E+00
 1445   0.0000000000E+00
 1446   8.8042290137E-13
 1447  -9.2853040352E-13
 1448   0.0000000000E+00
 1449   0.0000000000E+00
 1450   1.0668122453E-12
 1451  -1.1106651915E-12
 1452   0.0000000000E+00
 1453   0.0000000000E+00
 1454   0.0000000000E+00
 1455   0.0000000000E+00
 1456   0.0000000000E+00
 1457   2.6898953183E-12
 1458   0.0000000000E+00
 1459   0.0000000000E+00
 1460   0.0000000000E+00
 1461   0.0000000000E+00
 1462  -2.9849652036E-12
 1463  -3.0309700235E-12
 1464   0.0000000000E+00
 1465   0.0000000000E+00
 1466   0.0000000000E+00
 1467   0.0000000000E+00
 1468   0.0000000000E+00
 1469   0.0000000000E+00
 1470   0.0000000000E+00
 1471   0.0000000000E+00
 1472  -7.1278441014E-15
 1473   0.0000000000E+00
 1474  -3.5606696710E-14
 1475   0.0000000000E+00
 1476   0.0000000000E+00
 1477   1.5609569718E-13
 1478  -1.8413672482E-13
 1479   0.0000000000E+00
 1480   0.0000000000E+00
 1481   2.6712565345E-13
 1482   0.0000000000E+00
 1483   0.0000000000E+00
 1484   0.0000000000E+00
 1485   0.0000000000E+00
 1486   0.0000000000E+00
 1487   0.0000000000E+00
 1488  -9.0110468105E-13
 1489  -9.5030886434E-13
 1490   0.0000000000E+00
 1491   1.0456758198E-12
 1492   0.0000000000E+00
 1493   0.0000000000E+00
 1494   0.0000000000E+00
 1495   0.0000000000E+00
 1496   0.0000000000E+00
 1497   2.6044762270E-12
 1498   0.0000000000E+00
 1499   0.0000000000E+00
 1500   0.0000000000E+00
 1501  -2.8841122575E-12
 1502   0.0000000000E+00
 1503   3.0004982205E-12
 1504   0.0000000000E+00
 1505   0.0000000000E+00
 1506   0.0000000000E+00
 1507   0.0000000000E+00
 1508   3.2068542722E-12
 1509   0.0000000000E+00
 1510   3.2487342348E-12
 1511  -3.2593355047E-12
 1512   0.0000000000E+00
 1513   0.0000000000E+00
 1514   0.0000000000E+00
 1515   0.0000000000E+00
 1516   0.0000000000E+00
 1517   5.0959051463E-14
 1518  -1.3087659378E-13
 1519   0.0000000000E+00
 1520  -1.8840305823E-13
 1521   0.0000000000E+00
 1522   0.0000000000E+00
 1523   0.0000000000E+00
 1524   0.0000000000E+00
 1525   0.0000000000E+00
 1526   0.0000000000E+00
 1527   0.0000000000E+00
 1528   8.1839458150E-13
 1529   8.7053356095E-13
 1530   0.0000000000E+00
 1531   9.7208732516E-13
 1532   0.0000000000E+00
 1533  -1.0695594860E-12
 1534   0.0000000000E+00
 1535   0.0000000000E+00
 1536   1.2068588058E-12
 1537   0.0000000000E+00
 1538   0.0000000000E+00
 1539   0.0000000000E+00
 1540   0.0000000000E+00
 1541   0.0000000000E+00
 1542   2.8826788456E-12
 1543   0.0000000000E+00
 1544   0.0000000000E+00
 1545   0.0000000000E+00
 1546   0.0000000000E+00
 1547  -3.1664487227E-12
 1548   3.2085871456E-12
 1549   0.0000000000E+00
 1550   0.0000000000E+00
 1551   0.0000000000E+00
 1552   0.0000000000E+00
 1553   0.0000000000E+00
 1554   0.0000000000E+00
 1555   0.0000000000E+00
 1556   0.0000000000E+00
 1557   0.0000000000E+00
 1558   3.7258944209E-14
 1559  -5.2114303665E-14
 1560   1.3384270801E-13
 1561   1.6333232424E-13
 1562   0.0000000000E+00
 1563   0.0000000000E+00
 1564   0.0000000000E+00
 1565   0.0000000000E+00
 1566   0.0000000000E+00
 1567   0.0000000000E+00
 1568   7.2775905450E-13
 1569   0.0000000000E+00
 1570   0.0000000000E+00
 1571   0.0000000000E+00
 1572   0.0000000000E+00
 1573   0.0000000000E+00
 1574   0.0000000000E+00
 1575   0.0000000000E+00
 1576   0.0000000000E+00
 1577   0.0000000000E+00
 1578   0.0000000000E+00
 1579  -2.5552508622E-12
 1580   2.6401611541E-12
 1581   2.7218485954E-12
 1582   0.0000000000E+00
 1583   0.0000000000E+00
 1584   0.0000000000E+00
 1585   0.0000000000E+00
 1586   0.0000000000E+00
 1587   0.0000000000E+00
 1588   0.0000000000E+00
 1589   0.0000000000E+00
 1590   0.0000000000E+00
 1591   3.3138159300E-12
 1592   3.3446479161E-12
 1593   3.3689645012E-12
 1594   0.0000000000E+00
 1595  -3.3962172141E-12
 1596   0.0000000000E+00
 1597   0.0000000000E+00
 1598   0.0000000000E+00
 1599   0.0000000000E+00
 1600  -3.8085067959E-14
 1601   0.0000000000E+00
 1602   0.0000000000E+00
 1603   0.0000000000E+00
 1604   0.0000000000E+00
 1605   0.0000000000E+00
 1606   2.5631907411E-13
 1607   2.8565821046E-13
 1608  -3.1472226154E-13
 1609   0.0000000000E+00
 1610   0.0000000000E+00
 1611   0.0000000000E+00
 1612   0.0000000000E+00
 1613   0.0000000000E+00
 1614   0.0000000000E+00
 1615   0.0000000000E+00
 1616   0.0000000000E+00
 1617   0.0000000000E+00
 1618   0.0000000000E+00
 1619  -1.2140966531E-12
 1620   0.0000000000E+00
 1621   0.0000000000E+00
 1622   0.0000000000E+00
 1623   0.0000000000E+00
 1624  -2.8603312669E-12
 1625   0.0000000000E+00
 1626   0.0000000000E+00
 1627  -3.0765783370E-12
 1628   0.0000000000E+00
 1629   0.0000000000E+00
 1630   3.2531443986E-12
 1631   0.0000000000E+00
 1632   3.3451588620E-12
 1633   0.0000000000E+00
 1634   0.0000000000E+00
 1635   0.0000000000E+00
 1636   0.0000000000E+00
 1637   0.0000000000E+00
 1638   0.0000000000E+00
 1639   0.0000000000E+00
 1640   3.8947486380E-15
 1641   1.1680617583E-14
 1642   0.0000000000E+00
 1643   0.0000000000E+00
 1644   0.0000000000E+00
 1645   0.0000000000E+00
 1646   0.0000000000E+00
 1647   0.0000000000E+00
 1648   0.0000000000E+00
 1649   0.0000000000E+00
 1650  -3.2152323946E-13
 1651  -7.0179380174E-13
 1652   0.0000000000E+00
 1653   0.0000000000E+00
 1654  -8.7362404630E-13
 1655   0.0000000000E+00
 1656   9.8383179975E-13
 1657   0.0000000000E+00
 1658   0.0000000000E+00
 1659  -1.1412104848E-12
 1660   0.0000000000E+00
 1661   0.0000000000E+00
 1662  -2.5744607251E-12
 1663   0.0000000000E+00
 1664   0.0000000000E+00
 1665   2.8392209638E-12
 1666   0.0000000000E+00
 1667   0.0000000000E+00
 1668   0.0000000000E+00
 1669   0.0000000000E+00
 1670   0.0000000000E+00
 1671   0.0000000000E+00
 1672  -3.3201891973E-12
 1673  -3.3696667714E-12
 1674   0.0000000000E+00
 1675   0.0000000000E+00
 1676   3.4824415599E-12
 1677   0.0000000000E+00
 1678   3.5239047373E-12
 1679  -3.5330989235E-12
 1680   0.0000000000E+00
 1681   0.0000000000E+00
 1682   0.0000000000E+00
 1683   1.1928643281E-14
 1684   0.0000000000E+00
 1685  -5.5580060270E-14
 1686   0.0000000000E+00
 1687   0.0000000000E+00
 1688   0.0000000000E+00
 1689   0.0000000000E+00
 1690   0.0000000000E+00
 1691   0.0000000000E+00
 1692   0.0000000000E+00
 1693   0.0000000000E+00
 1694   0.0000000000E+00
 1695   8.3438662023E-13
 1696   8.9203386790E-13
 1697   0.0000000000E+00
 1698  -1.0045135794E-12
 1699   0.0000000000E+00
 1700   0.0000000000E+00
 1701   1.1650941511E-12
 1702  -1.2161413608E-12
 1703   0.0000000000E+00
 1704   2.6280417629E-12
 1705   0.0000000000E+00
 1706   0.0000000000E+00
 1707  -2.8979071480E-12
 1708   2.9807467883E-12
 1709   0.0000000000E+00
 1710   3.1344719577E-12
 1711   3.2048890568E-12
 1712   0.0000000000E+00
 1713   0.0000000000E+00
 1714   0.0000000000E+00
 1715   0.0000000000E+00
 1716   0.0000000000E+00
 1717   0.0000000000E+00
 1718   0.0000000000E+00
 1719  -3.5757847657E-12
 1720   0.0000000000E+00
 1721   3.6015397781E-12
 1722   0.0000000000E+00
 1723   0.0000000000E+00
 1724   0.0000000000E+00
 1725   0.0000000000E+00
 1726   0.0000000000E+00
 1727   0.0000000000E+00
 1728   0.0000000000E+00
 1729   0.0000000000E+00
 1730   0.0000000000E+00
 1731   0.0000000000E+00
 1732   0.0000000000E+00
 1733   0.0000000000E+00
 1734   0.0000000000E+00
 1735   0.0000000000E+00
 1736   0.0000000000E+00
 1737   0.0000000000E+00
 1738   0.0000000000E+00
 1739   0.0000000000E+00
 1740   0.0000000000E+00
 1741   0.0000000000E+00
 1742   0.0000000000E+00
 1743   0.0000000000E+00
 1744   0.0000000000E+00
 1745   0.0000000000E+00
 1746   0.0000000000E+00
 1747   0.0000000000E+00
 1748   0.0000000000E+00
 1749   0.0000000000E+00
 1750   0.0000000000E+00
 1751   0.0000000000E+00
 1752   0.0000000000E+00
 1753   0.0000000000E+00
 1754   0.0000000000E+00
 1755   0.0000000000E+00
 1756   0.0000000000E+00
 1757   0.0000000000E+00
 1758   0.0000000000E+00
 1759   0.0000000000E+00
 1760   0.0000000000E+00
 1761   0.0000000000E+00
 1762   0.0000000000E+00
 1763   0.0000000000E+00
 1764   0.0000000000E+00
