    1   0.0000000000E+00
    2   0.0000000000E+00
    3   0.0000000000E+00
    4   0.0000000000E+00
    5   0.0000000000E+00
    6   0.0000000000E+00
    7   0.0000000000E+00
    8   0.0000000000E+00
    9   0.0000000000E+00
   10   0.0000000000E+00
   11   0.0000000000E+00
   12   0.0000000000E+00
   13   0.0000000000E+00
   14   0.0000000000E+00
   15   0.0000000000E+00
   16   0.0000000000E+00
   17   0.0000000000E+00
   18   0.0000000000E+00
   19   0.0000000000E+00
   20   0.0000000000E+00
   21   0.0000000000E+00
   22   0.0000000000E+00
   23   0.0000000000E+00
   24   0.0000000000E+00
   25   0.0000000000E+00
   26   0.0000000000E+00
   27   0.0000000000E+00
   28   0.0000000000E+00
   29   0.0000000000E+00
   30   0.0000000000E+00
   31   0.0000000000E+00
   32   0.0000000000E+00
   33   0.0000000000E+00
   34   0.0000000000E+00
   35   0.0000000000E+00
   36   0.0000000000E+00
   37   0.0000000000E+00
   38   0.0000000000E+00
   39   0.0000000000E+00
   40   0.0000000000E+00
   41   0.0000000000E+00
   42   0.0000000000E+00
   43   0.0000000000E+00
   44   1.0478701996E+04
   45   4.5539699136E+03
   46   2.9198537778E+03
   47   2.1552005659E+03
   48   1.7123263019E+03
   49   1.4237263116E+03
   50   1.2209776281E+03
   51   1.0709175843E+03
   52   9.5552371738E+02
   53   8.6415955386E+02
   54   7.9014335693E+02
   55   7.2906717243E+02
   56   6.7790616168E+02
   57   6.3451625871E+02
   58   5.9733602010E+02
   59   5.6520199015E+02
   60   5.3723018097E+02
   61   5.1273761666E+02
   62   4.9118899925E+02
   63   4.7215960407E+02
   64   4.5530893946E+02
   65   4.4036171674E+02
   66   4.2709389183E+02
   67   4.1532229594E+02
   68   4.0489685469E+02
   69   3.9569470909E+02
   70   3.8761576169E+02
   71   3.8057931406E+02
   72   3.7452156206E+02
   73   3.6939378764E+02
   74   3.6516114030E+02
   75   3.6180194504E+02
   76   3.5930751151E+02
   77   3.5768245612E+02
   78   3.5694558916E+02
   79   3.5713146780E+02
   80   3.5829278190E+02
   81   3.6050383180E+02
   82   3.6386549640E+02
   83   3.6851230343E+02
   84   0.0000000000E+00
   85   0.0000000000E+00
   86   1.0093960250E+04
   87   4.4772261847E+03
   88   2.8860511221E+03
   89   2.1350725015E+03
   90   1.6982296527E+03
   91   1.4128105294E+03
   92   1.2119406768E+03
   93   1.0630802317E+03
   94   9.4849639353E+02
   95   8.5770218809E+02
   96   7.8409932787E+02
   97   7.2332937133E+02
   98   6.7239832038E+02
   99   6.2918208676E+02
  100   5.9213258322E+02
  101   5.6009550894E+02
  102   5.3219326940E+02
  103   5.0774740732E+02
  104   4.8622583085E+02
  105   4.6720607377E+02
  106   4.5034919611E+02
  107   4.3538091443E+02
  108   4.2207774981E+02
  109   4.1025672732E+02
  110   3.9976763653E+02
  111   3.9048717262E+02
  112   3.8231448503E+02
  113   3.7516780123E+02
  114   3.6898189229E+02
  115   3.6370621718E+02
  116   3.5930363605E+02
  117   3.5574962418E+02
  118   3.5303195391E+02
  119   3.5115084501E+02
  120   3.5011961929E+02
  121   3.4996593662E+02
  122   3.5073374308E+02
  123   3.5248613674E+02
  124   3.5530946495E+02
  125   3.5931913299E+02
  126   0.0000000000E+00
  127   0.0000000000E+00
  128   9.7364706749E+03
  129   4.4030261673E+03
  130   2.8530221648E+03
  131   2.1153169224E+03
  132   1.6843632085E+03
  133   1.4020608574E+03
  134   1.2030365150E+03
  135   1.0553567587E+03
  136   9.4157167884E+02
  137   8.5134061088E+02
  138   7.7814706186E+02
  139   7.1768117867E+02
  140   6.6697925781E+02
  141   6.2393685244E+02
  142   5.8701901847E+02
  143   5.5508047350E+02
  144   5.2724992972E+02
  145   5.0285339598E+02
  146   4.8136195876E+02
  147   4.6235540152E+02
  148   4.4549634274E+02
  149   4.3051152476E+02
  150   4.1717806739E+02
  151   4.0531323637E+02
  152   3.9476674621E+02
  153   3.8541492318E+02
  154   3.7715625908E+02
  155   3.6990802501E+02
  156   3.6360371198E+02
  157   3.5819113442E+02
  158   3.5363108399E+02
  159   3.4989646147E+02
  160   3.4697184733E+02
  161   3.4485350240E+02
  162   3.4354982044E+02
  163   3.4308228993E+02
  164   3.4348706608E+02
  165   3.4481731375E+02
  166   3.4714656692E+02
  167   3.5057347729E+02
  168   0.0000000000E+00
  169   0.0000000000E+00
  170   9.4034368066E+03
  171   4.3312454543E+03
  172   2.8207406430E+03
  173   2.0959235837E+03
  174   1.6707213758E+03
  175   1.3914735326E+03
  176   1.1942622372E+03
  177   1.0477447012E+03
  178   9.3474734225E+02
  179   8.4507270654E+02
  180   7.7228448485E+02
  181   7.1212051156E+02
  182   6.6164684465E+02
  183   6.1877834983E+02
  184   5.8199301744E+02
  185   5.5015444925E+02
  186   5.2239757846E+02
  187   4.9805282752E+02
  188   4.7659443262E+02
  189   4.5760441652E+02
  190   4.4074696072E+02
  191   4.2574985088E+02
  192   4.1239083535E+02
  193   4.0048746262E+02
  194   3.8988942727E+02
  195   3.8047275642E+02
  196   3.7213537079E+02
  197   3.6479369170E+02
  198   3.5838006110E+02
  199   3.5284080996E+02
  200   3.4813486040E+02
  201   3.4423278575E+02
  202   3.4111628380E+02
  203   3.3877804664E+02
  204   3.3722203750E+02
  205   3.3646421503E+02
  206   3.3653378125E+02
  207   3.3747507710E+02
  208   3.3935031522E+02
  209   3.4224343588E+02
  210   0.0000000000E+00
  211   0.0000000000E+00
  212   9.0924321368E+03
  213   4.2617676209E+03
  214   2.7891814691E+03
  215   2.0768826129E+03
  216   1.6572987410E+03
  217   1.3810449046E+03
  218   1.1856150221E+03
  219   1.0402416655E+03
  220   9.2802121688E+02
  221   8.3889642122E+02
  222   7.6650958484E+02
  223   7.0664535117E+02
  224   6.5639901914E+02
  225   6.1370444536E+02
  226   5.7705235007E+02
  227   5.4531508726E+02
  228   5.1763372640E+02
  229   4.9334305106E+02
  230   4.7192041780E+02
  231   4.5295007700E+02
  232   4.3609777567E+02
  233   4.2109235773E+02
  234   4.0771222642E+02
  235   3.9577525082E+02
  236   3.8513115547E+02
  237   3.7565573155E+02
  238   3.6724640728E+02
  239   3.5981885090E+02
  240   3.5330437391E+02
  241   3.4764796944E+02
  242   3.4280686949E+02
  243   3.3874954209E+02
  244   3.3545507946E+02
  245   3.3291295347E+02
  246   3.3112313939E+02
  247   3.3009663410E+02
  248   3.2985642452E+02
  249   3.3043899963E+02
  250   3.3189654989E+02
  251   3.3430006992E+02
  252   0.0000000000E+00
  253   0.0000000000E+00
  254   8.8013408928E+03
  255   4.1944835948E+03
  256   2.7583206660E+03
  257   2.0581844927E+03
  258   1.6440900631E+03
  259   1.3707714319E+03
  260   1.1770921294E+03
  261   1.0328453262E+03
  262   9.2139119781E+02
  263   8.3280976067E+02
  264   7.6082040958E+02
  265   7.0125374028E+02
  266   6.5123378440E+02
  267   6.0871307488E+02
  268   5.7219486142E+02
  269   5.4056012053E+02
  270   5.1295597430E+02
  271   4.8872151503E+02
  272   4.6733718980E+02
  273   4.4838946366E+02
  274   4.3154564994E+02
  275   4.1653566323E+02
  276   4.0313858505E+02
  277   3.9117263900E+02
  278   3.8048762474E+02
  279   3.7095915486E+02
  280   3.6248423646E+02
  281   3.5497787244E+02
  282   3.4837045143E+02
  283   3.4260576054E+02
  284   3.3763950359E+02
  285   3.3343824343E+02
  286   3.2997871546E+02
  287   3.2724748311E+02
  288   3.2524092808E+02
  289   3.2396558949E+02
  290   3.2343889090E+02
  291   3.2369032293E+02
  292   3.2476318805E+02
  293   3.2671706627E+02
  294   0.0000000000E+00
  295   0.0000000000E+00
  296   8.5283098399E+03
  297   4.1292910846E+03
  298   2.7281353062E+03
  299   2.0398200459E+03
  300   1.6310902669E+03
  301   1.3606496776E+03
  302   1.1686908972E+03
  303   1.0255534234E+03
  304   9.1485523982E+02
  305   8.2681078812E+02
  306   7.5521506433E+02
  307   6.9594378097E+02
  308   6.4614920592E+02
  309   6.0380224084E+02
  310   5.6741846847E+02
  311   5.3588736045E+02
  312   5.0836200884E+02
  313   4.8418576259E+02
  314   4.6284212892E+02
  315   4.4391977364E+02
  316   4.2708757551E+02
  317   4.1207653017E+02
  318   3.9866641791E+02
  319   3.8667584740E+02
  320   3.7595473422E+02
  321   3.6637856450E+02
  322   3.5784398901E+02
  323   3.5026542512E+02
  324   3.4357243620E+02
  325   3.3770772277E+02
  326   3.3262560692E+02
  327   3.2829092677E+02
  328   3.2467828456E+02
  329   3.2177161465E+02
  330   3.1956405718E+02
  331   3.1805814163E+02
  332   3.1726630482E+02
  333   3.1721179037E+02
  334   3.1793000534E+02
  335   3.1947044631E+02
  336   0.0000000000E+00
  337   0.0000000000E+00
  338   8.2717087848E+03
  339   4.0660940610E+03
  340   2.6986034546E+03
  341   2.0217804197E+03
  342   1.6182944364E+03
  343   1.3506763053E+03
  344   1.1604087390E+03
  345   1.0183637606E+03
  346   9.0841135532E+02
  347   8.2089762219E+02
  348   7.4969170979E+02
  349   6.9071363234E+02
  350   6.4114340914E+02
  351   5.9897000963E+02
  352   5.6272115722E+02
  353   5.3129469344E+02
  354   5.0384959887E+02
  355   4.7973342727E+02
  356   4.5843271532E+02
  357   4.3953831472E+02
  358   4.2272066740E+02
  359   4.0771185845E+02
  360   3.9429238497E+02
  361   3.8228126807E+02
  362   3.7152857618E+02
  363   3.6190971629E+02
  364   3.5332104181E+02
  365   3.4567645714E+02
  366   3.3890478907E+02
  367   3.3294775988E+02
  368   3.2775844255E+02
  369   3.2330011336E+02
  370   3.1954544277E+02
  371   3.1647598683E+02
  372   3.1408195891E+02
  373   3.1236227785E+02
  374   3.1132490497E+02
  375   3.1098749975E+02
  376   3.1137844444E+02
  377   3.1253831265E+02
  378   0.0000000000E+00
  379   0.0000000000E+00
  380   8.0300980016E+03
  381   4.0048022849E+03
  382   2.6697041161E+03
  383   2.0040570717E+03
  384   1.6056978085E+03
  385   1.3408480760E+03
  386   1.1522431410E+03
  387   1.0112742026E+03
  388   9.0205761234E+02
  389   8.1506843495E+02
  390   7.4424856007E+02
  391   6.8556150844E+02
  392   6.3621457714E+02
  393   5.9421450908E+02
  394   5.5810097976E+02
  395   5.2678007776E+02
  396   4.9941659174E+02
  397   4.7536222885E+02
  398   4.5410652424E+02
  399   4.3524249991E+02
  400   4.1844215742E+02
  401   4.0343867796E+02
  402   3.9001329121E+02
  403   3.7798545523E+02
  404   3.6720542477E+02
  405   3.5754857061E+02
  406   3.4891100255E+02
  407   3.4120617799E+02
  408   3.3436226786E+02
  409   3.2832011457E+02
  410   3.2303166216E+02
  411   3.1845877239E+02
  412   3.1457236554E+02
  413   3.1135184469E+02
  414   3.0878477838E+02
  415   3.0686683082E+02
  416   3.0560194194E+02
  417   3.0500277296E+02
  418   3.0509144680E+02
  419   3.0590062811E+02
  420   0.0000000000E+00
  421   0.0000000000E+00
  422   7.8022012039E+03
  423   3.9453308774E+03
  424   2.6414171853E+03
  425   1.9866417565E+03
  426   1.5932957675E+03
  427   1.3311618442E+03
  428   1.1441916599E+03
  429   1.0042826732E+03
  430   8.9579213255E+02
  431   8.0932145001E+02
  432   7.3888388078E+02
  433   6.8048567622E+02
  434   6.3136094845E+02
  435   5.8953392596E+02
  436   5.5355605168E+02
  437   5.2234154046E+02
  438   4.9506090992E+02
  439   4.7106996946E+02
  440   4.4986122164E+02
  441   4.3102984241E+02
  442   4.1424938836E+02
  443   3.9925414182E+02
  444   3.8582607881E+02
  445   3.7378511627E+02
  446   3.6298172554E+02
  447   3.5329128027E+02
  448   3.4460969550E+02
  449   3.3685004181E+02
  450   3.2993990772E+02
  451   3.2381934521E+02
  452   3.1843927843E+02
  453   3.1376028800E+02
  454   3.0975170795E+02
  455   3.0639099124E+02
  456   3.0366331454E+02
  457   3.0156140553E+02
  458   3.0008558687E+02
  459   2.9924404045E+02
  460   2.9905330430E+02
  461   2.9953902232E+02
  462   0.0000000000E+00
  463   0.0000000000E+00
  464   7.5868829926E+03
  465   3.8875999277E+03
  466   2.6137233998E+03
  467   1.9695265129E+03
  468   1.5810838392E+03
  469   1.3216145546E+03
  470   1.1362519199E+03
  471   9.9738715299E+02
  472   8.8961308950E+02
  473   8.0365494074E+02
  474   7.3359598718E+02
  475   6.7548445355E+02
  476   6.2658081494E+02
  477   5.8492650377E+02
  478   5.4908454943E+02
  479   5.1797717456E+02
  480   4.9078054769E+02
  481   4.6685452991E+02
  482   4.4569455990E+02
  483   4.2689795075E+02
  484   4.1013980840E+02
  485   3.9515552003E+02
  486   3.8172781985E+02
  487   3.6967710334E+02
  488   3.5885408574E+02
  489   3.4913417914E+02
  490   3.4041314835E+02
  491   3.3260373198E+02
  492   3.2563300305E+02
  493   3.1944030454E+02
  494   3.1397563977E+02
  495   3.0919842907E+02
  496   3.0507656850E+02
  497   3.0158574373E+02
  498   2.9870896679E+02
  499   2.9643631361E+02
  500   2.9476484983E+02
  501   2.9369873849E+02
  502   2.9324952823E+02
  503   2.9343662193E+02
  504   0.0000000000E+00
  505   0.0000000000E+00
  506   7.3831299374E+03
  507   3.8315341347E+03
  508   2.5866042969E+03
  509   1.9527036516E+03
  510   1.5690576854E+03
  511   1.3122032388E+03
  512   1.1284216110E+03
  513   9.9058567795E+02
  514   8.8351870674E+02
  515   7.9806722853E+02
  516   7.2838324241E+02
  517   6.7055620742E+02
  518   6.2187251982E+02
  519   5.8039054047E+02
  520   5.4468470791E+02
  521   5.1368513627E+02
  522   4.8657356815E+02
  523   4.6271386619E+02
  524   4.4160437396E+02
  525   4.2284452430E+02
  526   4.0611096603E+02
  527   3.9114019357E+02
  528   3.7771570955E+02
  529   3.6565840545E+02
  530   3.5481926520E+02
  531   3.4507377163E+02
  532   3.3631757994E+02
  533   3.2846314681E+02
  534   3.2143709078E+02
  535   3.1517812001E+02
  536   3.0963540705E+02
  537   3.0476732170E+02
  538   3.0054045616E+02
  539   2.9692889393E+02
  540   2.9391368680E+02
  541   2.9148251431E+02
  542   2.8962950674E+02
  543   2.8835521769E+02
  544   2.8766673319E+02
  545   2.8757790115E+02
  546   0.0000000000E+00
  547   0.0000000000E+00
  548   7.1900346276E+03
  549   3.7770624794E+03
  550   2.5600421721E+03
  551   1.9361657439E+03
  552   1.5572130990E+03
  553   1.3029250127E+03
  554   1.1206984863E+03
  555   9.8387633713E+02
  556   8.7750725619E+02
  557   7.9255668113E+02
  558   7.2324405581E+02
  559   6.6569935210E+02
  560   6.1723445574E+02
  561   5.7592438640E+02
  562   5.4035481816E+02
  563   5.0946364241E+02
  564   4.8243810022E+02
  565   4.5864600617E+02
  566   4.3758857747E+02
  567   4.1886734899E+02
  568   4.0216050512E+02
  569   3.8720564879E+02
  570   3.7378705976E+02
  571   3.6172614114E+02
  572   3.5087416786E+02
  573   3.4110672291E+02
  574   3.3231938892E+02
  575   3.2442438634E+02
  576   3.1734793494E+02
  577   3.1102817568E+02
  578   3.0541353236E+02
  579   3.0046142391E+02
  580   2.9613726031E+02
  581   2.9241367204E+02
  582   2.8926993492E+02
  583   2.8669156128E+02
  584   2.8467003381E+02
  585   2.8320266130E+02
  586   2.8229253407E+02
  587   2.8194854985E+02
  588   0.0000000000E+00
  589   0.0000000000E+00
  590   7.0067821610E+03
  591   3.7241179248E+03
  592   2.5340200408E+03
  593   1.9199056106E+03
  594   1.5455459988E+03
  595   1.2937770730E+03
  596   1.1130803598E+03
  597   9.7725727100E+02
  598   8.7157705649E+02
  599   7.8712171106E+02
  600   7.1817688129E+02
  601   6.6091234750E+02
  602   6.1266506292E+02
  603   5.7152644231E+02
  604   5.3609322511E+02
  605   5.0531096795E+02
  606   4.7837233589E+02
  607   4.5464904646E+02
  608   4.3364515931E+02
  609   4.1496429326E+02
  610   3.9828616033E+02
  611   3.8334947219E+02
  612   3.6993929308E+02
  613   3.5787755158E+02
  614   3.4701583384E+02
  615   3.3722984975E+02
  616   3.2841514319E+02
  617   3.2048374011E+02
  618   3.1336151242E+02
  619   3.0698609558E+02
  620   3.0130523939E+02
  621   2.9627550258E+02
  622   2.9186122326E+02
  623   2.8803371389E+02
  624   2.8477064053E+02
  625   2.8205555449E+02
  626   2.7987754861E+02
  627   2.7823101214E+02
  628   2.7711545427E+02
  629   2.7653535689E+02
  630   0.0000000000E+00
  631   0.0000000000E+00
  632   6.8326386485E+03
  633   3.6726371409E+03
  634   2.5085216021E+03
  635   1.9039163115E+03
  636   1.5340524252E+03
  637   1.2847566944E+03
  638   1.1055651050E+03
  639   9.7072666977E+02
  640   8.6572647140E+02
  641   7.8176077410E+02
  642   7.1318021579E+02
  643   6.5619369750E+02
  644   6.0816282746E+02
  645   5.6719515743E+02
  646   5.3189832553E+02
  647   5.0122544363E+02
  648   4.7437452761E+02
  649   4.5072114946E+02
  650   4.2977218020E+02
  651   4.1113330428E+02
  652   3.9448575277E+02
  653   3.7956934544E+02
  654   3.6616993711E+02
  655   3.5410999410E+02
  656   3.4324143203E+02
  657   3.3344011201E+02
  658   3.2460157006E+02
  659   3.1663767577E+02
  660   3.0947399974E+02
  661   3.0304772830E+02
  662   2.9730600544E+02
  663   2.9220461221E+02
  664   2.8770691513E+02
  665   2.8378303097E+02
  666   2.8040916624E+02
  667   2.7756709680E+02
  668   2.7524375694E+02
  669   2.7343090703E+02
  670   2.7212484396E+02
  671   2.7132610658E+02
  672   0.0000000000E+00
  673   0.0000000000E+00
  674   6.6669413904E+03
  675   3.6225602514E+03
  676   2.4835312046E+03
  677   1.8881911359E+03
  678   1.5227285355E+03
  679   1.2758612273E+03
  680   1.0981506520E+03
  681   9.6428277169E+02
  682   8.5995390835E+02
  683   7.7647236780E+02
  684   7.0825259780E+02
  685   6.5154194841E+02
  686   6.0372627962E+02
  687   5.6292902763E+02
  688   5.2776856594E+02
  689   4.9720545376E+02
  690   4.7044298575E+02
  691   4.4686054051E+02
  692   4.2596776952E+02
  693   4.0737240432E+02
  694   3.9075718595E+02
  695   3.7586304079E+02
  696   3.6247661923E+02
  697   3.5042093617E+02
  698   3.3954825317E+02
  699   3.2973460469E+02
  700   3.2087554710E+02
  701   3.1288282852E+02
  702   3.0568176083E+02
  703   2.9920913275E+02
  704   2.9341154474E+02
  705   2.8824407541E+02
  706   2.8366921085E+02
  707   2.7965598315E+02
  708   2.7617927509E+02
  709   2.7321925452E+02
  710   2.7076090495E+02
  711   2.6879361800E+02
  712   2.6731080689E+02
  713   2.6630948667E+02
  714   0.0000000000E+00
  715   0.0000000000E+00
  716   6.5090904494E+03
  717   3.5738306021E+03
  718   2.4590338143E+03
  719   1.8727235930E+03
  720   1.5115705995E+03
  721   1.2670880951E+03
  722   1.0908349862E+03
  723   9.5792386148E+02
  724   8.5425781695E+02
  725   7.7125503010E+02
  726   7.0339260593E+02
  727   6.4695568745E+02
  728   5.9935399222E+02
  729   5.5872659370E+02
  730   5.2370244075E+02
  731   4.9324943407E+02
  732   4.6657607623E+02
  733   4.4306550525E+02
  734   4.2223012232E+02
  735   4.0367968738E+02
  736   3.8709844188E+02
  737   3.7222841663E+02
  738   3.5885706156E+02
  739   3.4680794971E+02
  740   3.3593370336E+02
  741   3.2611055051E+02
  742   3.1723409361E+02
  743   3.0921599131E+02
  744   3.0198133567E+02
  745   2.9546656504E+02
  746   2.8961779320E+02
  747   2.8438946499E+02
  748   2.7974326908E+02
  749   2.7564725369E+02
  750   2.7207510092E+02
  751   2.6900552171E+02
  752   2.6642173583E+02
  753   2.6431099930E+02
  754   2.6266413493E+02
  755   2.6147500636E+02
  756   0.0000000000E+00
  757   0.0000000000E+00
  758   6.3585413921E+03
  759   3.5263945465E+03
  760   2.4350149849E+03
  761   1.8575074028E+03
  762   1.5005749956E+03
  763   1.2584347913E+03
  764   1.0836161466E+03
  765   9.5164826880E+02
  766   8.4863668762E+02
  767   7.6610733796E+02
  768   6.9859885750E+02
  769   6.4243354137E+02
  770   5.9504457917E+02
  771   5.5458643970E+02
  772   5.1969849042E+02
  773   4.8935586966E+02
  774   4.6277221827E+02
  775   4.3933438706E+02
  776   4.1855749644E+02
  777   4.0005331593E+02
  778   3.8350757747E+02
  779   3.6866341341E+02
  780   3.5530907633E+02
  781   3.4326870573E+02
  782   3.3239529800E+02
  783   3.2256529296E+02
  784   3.1367436271E+02
  785   3.0563410566E+02
  786   2.9836942982E+02
  787   2.9181646629E+02
  788   2.8592089426E+02
  789   2.8063658746E+02
  790   2.7592451284E+02
  791   2.7175182639E+02
  792   2.6809112110E+02
  793   2.6491978771E+02
  794   2.6221945064E+02
  795   2.5997543964E+02
  796   2.5817624926E+02
  797   2.5681292302E+02
  798   0.0000000000E+00
  799   0.0000000000E+00
  800   6.2147990150E+03
  801   3.4802012490E+03
  802   2.4114608289E+03
  803   1.8425364878E+03
  804   1.4897382069E+03
  805   1.2498988775E+03
  806   1.0764922232E+03
  807   9.4545436683E+02
  808   8.4308905025E+02
  809   7.6102790611E+02
  810   6.9387000732E+02
  811   6.3797417504E+02
  812   5.9079669391E+02
  813   5.5050719132E+02
  814   5.1575529971E+02
  815   4.8552329311E+02
  816   4.5902988222E+02
  817   4.3566558466E+02
  818   4.1494820981E+02
  819   3.9649151788E+02
  820   3.7998272104E+02
  821   3.6516604974E+02
  822   3.5183056142E+02
  823   3.3980096937E+02
  824   3.2893065606E+02
  825   3.1909628980E+02
  826   3.1019363385E+02
  827   3.0213425321E+02
  828   2.9484290454E+02
  829   2.8825545131E+02
  830   2.8231718575E+02
  831   2.7698146780E+02
  832   2.7220861170E+02
  833   2.6796496465E+02
  834   2.6422213186E+02
  835   2.6095630750E+02
  836   2.5814767272E+02
  837   2.5577981908E+02
  838   2.5383914754E+02
  839   2.5231417671E+02
  840   0.0000000000E+00
  841   0.0000000000E+00
  842   6.0774119039E+03
  843   3.4352025034E+03
  844   2.3883579908E+03
  845   1.8278049650E+03
  846   1.4790568173E+03
  847   1.2414779811E+03
  848   1.0694613565E+03
  849   9.3934057079E+02
  850   8.3761347293E+02
  851   7.5601538575E+02
  852   6.8920474634E+02
  853   6.3357629012E+02
  854   5.8660902810E+02
  855   5.4648751440E+02
  856   5.1187149600E+02
  857   4.8175028260E+02
  858   4.5534758751E+02
  859   4.3205754983E+02
  860   4.1140063789E+02
  861   3.9299258371E+02
  862   3.7652206912E+02
  863   3.6173441869E+02
  864   3.4841949627E+02
  865   3.3640259519E+02
  866   3.2553749477E+02
  867   3.1570110698E+02
  868   3.0678930593E+02
  869   2.9871364774E+02
  870   2.9139876778E+02
  871   2.8478029818E+02
  872   2.7880318785E+02
  873   2.7342033540E+02
  874   2.6859146538E+02
  875   2.6428219226E+02
  876   2.6046322551E+02
  877   2.5710967485E+02
  878   2.5420041542E+02
  879   2.5171746997E+02
  880   2.4964535626E+02
  881   2.4797033139E+02
  882   0.0000000000E+00
  883   0.0000000000E+00
  884   5.9459676973E+03
  885   3.3913525648E+03
  886   2.3656936224E+03
  887   1.8133071378E+03
  888   1.4685275079E+03
  889   1.2331697930E+03
  890   1.0625217349E+03
  891   9.3330533666E+02
  892   8.3220856069E+02
  893   7.5106846339E+02
  894   6.8460180049E+02
  895   6.2923862387E+02
  896   5.8248031021E+02
  897   5.4252611348E+02
  898   5.0804574769E+02
  899   4.7803546019E+02
  900   4.5172390070E+02
  901   4.2850878518E+02
  902   4.0791321122E+02
  903   3.8955486371E+02
  904   3.7312388333E+02
  905   3.5836668437E+02
  906   3.4507393788E+02
  907   3.3307152269E+02
  908   3.2221362460E+02
  909   3.1237741298E+02
  910   3.0345889080E+02
  911   2.9536962781E+02
  912   2.8803416567E+02
  913   2.8138793848E+02
  914   2.7537559187E+02
  915   2.6994961111E+02
  916   2.6506918873E+02
  917   2.6069927575E+02
  918   2.5680976973E+02
  919   2.5337479762E+02
  920   2.5037205276E+02
  921   2.4778214167E+02
  922   2.4558788777E+02
  923   2.4377352213E+02
  924   0.0000000000E+00
  925   0.0000000000E+00
  926   5.8200889538E+03
  927   3.3486079944E+03
  928   2.3434553583E+03
  929   1.7990374892E+03
  930   1.4581470537E+03
  931   1.2249720653E+03
  932   1.0556715937E+03
  933   9.2734715981E+02
  934   8.2687295436E+02
  935   7.4618585970E+02
  936   6.8005992953E+02
  937   6.2495994785E+02
  938   5.7840930426E+02
  939   5.3862173038E+02
  940   5.0427676273E+02
  941   4.7437749008E+02
  942   4.4815743362E+02
  943   4.2501784215E+02
  944   4.0448441311E+02
  945   3.8617676537E+02
  946   3.6978648749E+02
  947   3.5506107860E+02
  948   3.4179201720E+02
  949   3.2980577220E+02
  950   3.1895694452E+02
  951   3.0912297342E+02
  952   3.0020000716E+02
  953   2.9209964984E+02
  954   2.8474637465E+02
  955   2.7807544829E+02
  956   2.7203124984E+02
  957   2.6656589524E+02
  958   2.6163809771E+02
  959   2.5721220816E+02
  960   2.5325738851E+02
  961   2.4974687534E+02
  962   2.4665729262E+02
  963   2.4396796838E+02
  964   2.4166020143E+02
  965   2.3971640758E+02
  966   0.0000000000E+00
  967   0.0000000000E+00
  968   5.6994295314E+03
  969   3.3069275164E+03
  970   2.3216312940E+03
  971   1.7849906744E+03
  972   1.4479123204E+03
  973   1.2168826097E+03
  974   1.0489092131E+03
  975   9.2146457384E+02
  976   8.2160532939E+02
  977   7.4136632840E+02
  978   6.7557792588E+02
  979   6.2073906684E+02
  980   5.7439480859E+02
  981   5.3477314287E+02
  982   5.0056328711E+02
  983   4.7077507707E+02
  984   4.4464684159E+02
  985   4.2158331898E+02
  986   4.0111277744E+02
  987   3.8285675098E+02
  988   3.6650826485E+02
  989   3.5181589786E+02
  990   3.3857193561E+02
  991   3.2660344095E+02
  992   3.1576543760E+02
  993   3.0593564608E+02
  994   2.9701037496E+02
  995   2.8890128162E+02
  996   2.8153279410E+02
  997   2.7484003976E+02
  998   2.6876716489E+02
  999   2.6326595645E+02
 1000   2.5829469662E+02
 1001   2.5381719409E+02
 1002   2.4980194467E+02
 1003   2.4622137859E+02
 1004   2.4305115239E+02
 1005   2.4026944001E+02
 1006   2.3785616847E+02
 1007   2.3579212712E+02
 1008   0.0000000000E+00
 1009   0.0000000000E+00
 1010   5.5836714093E+03
 1011   3.2662718847E+03
 1012   2.3002099642E+03
 1013   1.7711615140E+03
 1014   1.4378202608E+03
 1015   1.2088992953E+03
 1016   1.0422329175E+03
 1017   9.1565614928E+02
 1018   8.1640439476E+02
 1019   7.3660865519E+02
 1020   6.7115461362E+02
 1021   6.1657481768E+02
 1022   5.7043565466E+02
 1023   5.3097916342E+02
 1024   4.9690410348E+02
 1025   4.6722696501E+02
 1026   4.4119082175E+02
 1027   4.1820385887E+02
 1028   3.9779688657E+02
 1029   3.7959333524E+02
 1030   3.6328765551E+02
 1031   3.4862950034E+02
 1032   3.3541196161E+02
 1033   3.2346269935E+02
 1034   3.1263716685E+02
 1035   3.0281337618E+02
 1036   2.9388781000E+02
 1037   2.8577219636E+02
 1038   2.7839093950E+02
 1039   2.7167905331E+02
 1040   2.6558048228E+02
 1041   2.6004672144E+02
 1042   2.5503566619E+02
 1043   2.5051063589E+02
 1044   2.4643952378E+02
 1045   2.4279403015E+02
 1046   2.3954893663E+02
 1047   2.3668137560E+02
 1048   2.3417003998E+02
 1049   2.3199426215E+02
 1050   0.0000000000E+00
 1051   0.0000000000E+00
 1052   5.4725218893E+03
 1053   3.2266037597E+03
 1054   2.2791803229E+03
 1055   1.7575449883E+03
 1056   1.4278679123E+03
 1057   1.2010200466E+03
 1058   1.0356410735E+03
 1059   9.0992049249E+02
 1060   8.1126889196E+02
 1061   7.3191165676E+02
 1062   6.6678884740E+02
 1063   6.1246606821E+02
 1064   5.6653070595E+02
 1065   5.2723863796E+02
 1066   4.9329802983E+02
 1067   4.6373193531E+02
 1068   4.3778811143E+02
 1069   4.1487814819E+02
 1070   3.9453536936E+02
 1071   3.7638508307E+02
 1072   3.6012315391E+02
 1073   3.4550030318E+02
 1074   3.3231042779E+02
 1075   3.2038178750E+02
 1076   3.0957027127E+02
 1077   2.9975419200E+02
 1078   2.9083021900E+02
 1079   2.8271016697E+02
 1080   2.7531843599E+02
 1081   2.6858995030E+02
 1082   2.6246848105E+02
 1083   2.5690526541E+02
 1084   2.5185785256E+02
 1085   2.4728912101E+02
 1086   2.4316641937E+02
 1087   2.3946078768E+02
 1088   2.3614621669E+02
 1089   2.3319889915E+02
 1090   2.3059641803E+02
 1091   2.2831680101E+02
 1092   0.0000000000E+00
 1093   0.0000000000E+00
 1094   5.3657111241E+03
 1095   3.1878875939E+03
 1096   2.2585317243E+03
 1097   1.7441362305E+03
 1098   1.4180523936E+03
 1099   1.1932428421E+03
 1100   1.0291320887E+03
 1101   9.0425624453E+02
 1102   8.0619759393E+02
 1103   7.2727417978E+02
 1104   6.6247951150E+02
 1105   6.0841171626E+02
 1106   5.6267885683E+02
 1107   5.2355044470E+02
 1108   4.8974391824E+02
 1109   4.6028880560E+02
 1110   4.3443748660E+02
 1111   4.1160491472E+02
 1112   3.9132689925E+02
 1113   3.7323060748E+02
 1114   3.5701330648E+02
 1115   3.4242677984E+02
 1116   3.2926572782E+02
 1117   3.1735901195E+02
 1118   3.0656296218E+02
 1119   2.9675620067E+02
 1120   2.8783559487E+02
 1121   2.7971306079E+02
 1122   2.7231301245E+02
 1123   2.6557030626E+02
 1124   2.5942856634E+02
 1125   2.5383880322E+02
 1126   2.4875825715E+02
 1127   2.4414941016E+02
 1128   2.3997911928E+02
 1129   2.3621782781E+02
 1130   2.3283881204E+02
 1131   2.2981741742E+02
 1132   2.2713022922E+02
 1133   2.2475410732E+02
 1134   0.0000000000E+00
 1135   0.0000000000E+00
 1136   5.2629899303E+03
 1137   3.1500895260E+03
 1138   2.2382539052E+03
 1139   1.7309305211E+03
 1140   1.4083709022E+03
 1141   1.1855657121E+03
 1142   1.0227044106E+03
 1143   8.9866208011E+02
 1144   8.0118930410E+02
 1145   7.2269509997E+02
 1146   6.5822551885E+02
 1147   6.0441068864E+02
 1148   5.5887903153E+02
 1149   5.1991349305E+02
 1150   4.8624065360E+02
 1151   4.5689642835E+02
 1152   4.3113776045E+02
 1153   4.0838292614E+02
 1154   3.8817019252E+02
 1155   3.7012856762E+02
 1156   3.5395670945E+02
 1157   3.3940745761E+02
 1158   3.2627631370E+02
 1159   3.1439274255E+02
 1160   3.0361351974E+02
 1161   2.9381758432E+02
 1162   2.8490201238E+02
 1163   2.7677883468E+02
 1164   2.6937249581E+02
 1165   2.6261780455E+02
 1166   2.5645826209E+02
 1167   2.5084468113E+02
 1168   2.4573402720E+02
 1169   2.4108842655E+02
 1170   2.3687429314E+02
 1171   2.3306153152E+02
 1172   2.2962277310E+02
 1173   2.2653259983E+02
 1174   2.2376670067E+02
 1175   2.2130089107E+02
 1176   0.0000000000E+00
 1177   0.0000000000E+00
 1178   5.1641278475E+03
 1179   3.1131772814E+03
 1180   2.2183369674E+03
 1181   1.7179232829E+03
 1182   1.3988207115E+03
 1183   1.1779867374E+03
 1184   1.0163565252E+03
 1185   8.9313670650E+02
 1186   7.9624285545E+02
 1187   7.1817332119E+02
 1188   6.5402581011E+02
 1189   6.0046194021E+02
 1190   5.5513018317E+02
 1191   5.1632672247E+02
 1192   4.8278715250E+02
 1193   4.5355368962E+02
 1194   4.2788778191E+02
 1195   4.0521098835E+02
 1196   3.8506400650E+02
 1197   3.6707766683E+02
 1198   3.5095200671E+02
 1199   3.3644091530E+02
 1200   3.2334069317E+02
 1201   3.1148140951E+02
 1202   3.0072028965E+02
 1203   2.9093659637E+02
 1204   2.8202762396E+02
 1205   2.7390553031E+02
 1206   2.6649480590E+02
 1207   2.5973023041E+02
 1208   2.5355520438E+02
 1209   2.4792036915E+02
 1210   2.4278244699E+02
 1211   2.3810324575E+02
 1212   2.3384878072E+02
 1213   2.2998847069E+02
 1214   2.2649436555E+02
 1215   2.2334035987E+02
 1216   2.2050133812E+02
 1217   2.1795218244E+02
 1218   0.0000000000E+00
 1219   0.0000000000E+00
 1220   5.0689114122E+03
 1221   3.0771200811E+03
 1222   2.1987713622E+03
 1223   1.7051100748E+03
 1224   1.3893991686E+03
 1225   1.1705040476E+03
 1226   1.0100869558E+03
 1227   8.8767886259E+02
 1228   7.9135710962E+02
 1229   7.1370777456E+02
 1230   6.4987935283E+02
 1231   5.9656445297E+02
 1232   5.5143129274E+02
 1233   5.1278910153E+02
 1234   4.7938236209E+02
 1235   4.5025950783E+02
 1236   4.2468643440E+02
 1237   4.0208794412E+02
 1238   3.8200713800E+02
 1239   3.6407665087E+02
 1240   3.4799788780E+02
 1241   3.3352578093E+02
 1242   3.2045742716E+02
 1243   3.0862350068E+02
 1244   2.9788168009E+02
 1245   2.8811155807E+02
 1246   2.7921065588E+02
 1247   2.7109126985E+02
 1248   2.6367795046E+02
 1249   2.5690546542E+02
 1250   2.5071713510E+02
 1251   2.4506345390E+02
 1252   2.3990092975E+02
 1253   2.3519108639E+02
 1254   2.3089958120E+02
 1255   2.2699539561E+02
 1256   2.2345005581E+02
 1257   2.2023683819E+02
 1258   2.1732990584E+02
 1259   2.1470330795E+02
 1260   0.0000000000E+00
 1261   0.0000000000E+00
 1262   4.9771426195E+03
 1263   3.0418885556E+03
 1264   2.1795478745E+03
 1265   1.6924865874E+03
 1266   1.3801036912E+03
 1267   1.1631158193E+03
 1268   1.0038942620E+03
 1269   8.8228731791E+02
 1270   7.8653095600E+02
 1271   7.0929741761E+02
 1272   6.4578514056E+02
 1273   5.9271723518E+02
 1274   5.4778136823E+02
 1275   5.0929962685E+02
 1276   4.7602525901E+02
 1277   4.4701283259E+02
 1278   4.2153263448E+02
 1279   3.9901267159E+02
 1280   3.7899842175E+02
 1281   3.6112430616E+02
 1282   3.4509308603E+02
 1283   3.3066072971E+02
 1284   3.1762512751E+02
 1285   3.0581755890E+02
 1286   2.9509615878E+02
 1287   2.8534085527E+02
 1288   2.7644940456E+02
 1289   2.6833425186E+02
 1290   2.6092002061E+02
 1291   2.5414148234E+02
 1292   2.4794189616E+02
 1293   2.4227163199E+02
 1294   2.3708701006E+02
 1295   2.3234930156E+02
 1296   2.2802384327E+02
 1297   2.2407922361E+02
 1298   2.2048649780E+02
 1299   2.1721838701E+02
 1300   2.1424840837E+02
 1301   2.1154986867E+02
 1302   0.0000000000E+00
 1303   0.0000000000E+00
 1304   4.8886375482E+03
 1305   3.0074546651E+03
 1306   2.1606576090E+03
 1307   1.6800486381E+03
 1308   1.3709317661E+03
 1309   1.1558202750E+03
 1310   9.9777703850E+02
 1311   8.7696087168E+02
 1312   7.8176331092E+02
 1313   7.0494123350E+02
 1314   6.4174219206E+02
 1315   5.8891932051E+02
 1316   5.4417944373E+02
 1317   5.0585732218E+02
 1318   4.7271484836E+02
 1319   4.4381264359E+02
 1320   4.1842533068E+02
 1321   3.9598408296E+02
 1322   3.7603672888E+02
 1323   3.5821945818E+02
 1324   3.4223637664E+02
 1325   3.2784448195E+02
 1326   3.1484245468E+02
 1327   3.0306217952E+02
 1328   2.9236225020E+02
 1329   2.8262293529E+02
 1330   2.7374223315E+02
 1331   2.6563274744E+02
 1332   2.5821918651E+02
 1333   2.5143634025E+02
 1334   2.4522742395E+02
 1335   2.3954270379E+02
 1336   2.3433833685E+02
 1337   2.2957537072E+02
 1338   2.2521885591E+02
 1339   2.2123702840E+02
 1340   2.1760052060E+02
 1341   2.1428155581E+02
 1342   2.1125307364E+02
 1343   2.0848772039E+02
 1344   0.0000000000E+00
 1345   0.0000000000E+00
 1346   4.8032251309E+03
 1347   2.9737916255E+03
 1348   2.1420919759E+03
 1349   1.6677921660E+03
 1350   1.3618809461E+03
 1351   1.1486156816E+03
 1352   9.9173391401E+02
 1353   8.7169835197E+02
 1354   7.7705311681E+02
 1355   7.0063823021E+02
 1356   6.3774955049E+02
 1357   5.8516976725E+02
 1358   5.4062457853E+02
 1359   5.0246123750E+02
 1360   4.6945016275E+02
 1361   4.4065794955E+02
 1362   4.1536350228E+02
 1363   3.9300112323E+02
 1364   3.7312096554E+02
 1365   3.5536096990E+02
 1366   3.3942657510E+02
 1367   3.2507580120E+02
 1368   3.1210811568E+02
 1369   3.0035600805E+02
 1370   2.8967853304E+02
 1371   2.7995630408E+02
 1372   2.7108756832E+02
 1373   2.6298509663E+02
 1374   2.5557369328E+02
 1375   2.4878817997E+02
 1376   2.4257174426E+02
 1377   2.3687456769E+02
 1378   2.3165266681E+02
 1379   2.2686689231E+02
 1380   2.2248203988E+02
 1381   2.1846603028E+02
 1382   2.1478911718E+02
 1383   2.1142307823E+02
 1384   2.0834033767E+02
 1385   2.0551295539E+02
 1386   0.0000000000E+00
 1387   0.0000000000E+00
 1388   4.7207460500E+03
 1389   2.9408738383E+03
 1390   2.1238426781E+03
 1391   1.6557132283E+03
 1392   1.3529488484E+03
 1393   1.1415003489E+03
 1394   9.8576355027E+02
 1395   8.6649861481E+02
 1396   7.7239934146E+02
 1397   6.9638743978E+02
 1398   6.3380628272E+02
 1399   5.8146765750E+02
 1400   5.3711585639E+02
 1401   4.9911044811E+02
 1402   4.6623026130E+02
 1403   4.3754778714E+02
 1404   4.1234615824E+02
 1405   3.9006276894E+02
 1406   3.7025007155E+02
 1407   3.5254774031E+02
 1408   3.3666253547E+02
 1409   3.2235349243E+02
 1410   3.0942086205E+02
 1411   2.9769773797E+02
 1412   2.8704363768E+02
 1413   2.7733952342E+02
 1414   2.6848389715E+02
 1415   2.6038970498E+02
 1416   2.5298185726E+02
 1417   2.4619521986E+02
 1418   2.3997296747E+02
 1419   2.3426521468E+02
 1420   2.2902785831E+02
 1421   2.2422157675E+02
 1422   2.1981093980E+02
 1423   2.1576358713E+02
 1424   2.1204943392E+02
 1425   2.0863985985E+02
 1426   2.0550683031E+02
 1427   2.0262188588E+02
 1428   0.0000000000E+00
 1429   0.0000000000E+00
 1430   4.6410517463E+03
 1431   2.9086768263E+03
 1432   2.1059016992E+03
 1433   1.6438079953E+03
 1434   1.3441331523E+03
 1435   1.1344726281E+03
 1436   9.7986464105E+02
 1437   8.6136054334E+02
 1438   7.6780097723E+02
 1439   6.9218791762E+02
 1440   6.2991147851E+02
 1441   5.7781209648E+02
 1442   5.3365238468E+02
 1443   4.9580405382E+02
 1444   4.6305422878E+02
 1445   4.3448122008E+02
 1446   4.0937233611E+02
 1447   3.8716802699E+02
 1448   3.6742301911E+02
 1449   3.4977870295E+02
 1450   3.3394314881E+02
 1451   3.1967640030E+02
 1452   3.0677948795E+02
 1453   2.9508610859E+02
 1454   2.8445624389E+02
 1455   2.7477120839E+02
 1456   2.6592976431E+02
 1457   2.5784504038E+02
 1458   2.5044206237E+02
 1459   2.4365575176E+02
 1460   2.3742928410E+02
 1461   2.3171272329E+02
 1462   2.2646186571E+02
 1463   2.2163724003E+02
 1464   2.1720321681E+02
 1465   2.1312718593E+02
 1466   2.0937876096E+02
 1467   2.0592896713E+02
 1468   2.0274936233E+02
 1469   1.9981102866E+02
 1470   0.0000000000E+00
 1471   0.0000000000E+00
 1472   4.5640035257E+03
 1473   2.8771771724E+03
 1474   2.0882612909E+03
 1475   1.6320727467E+03
 1476   1.3354315970E+03
 1477   1.1275309112E+03
 1478   9.7403591121E+02
 1479   8.5628304707E+02
 1480   7.6325704032E+02
 1481   6.8803874178E+02
 1482   6.2606424988E+02
 1483   5.7420221175E+02
 1484   5.3023329363E+02
 1485   4.9254117815E+02
 1486   4.5992117473E+02
 1487   4.3145733811E+02
 1488   4.0644110098E+02
 1489   3.8431593358E+02
 1490   3.6463881156E+02
 1491   3.4705282466E+02
 1492   3.3126734175E+02
 1493   3.1704340754E+02
 1494   3.0418282837E+02
 1495   2.9251990309E+02
 1496   2.8191507861E+02
 1497   2.7225002489E+02
 1498   2.6342376933E+02
 1499   2.5534963004E+02
 1500   2.4795275681E+02
 1501   2.4116813729E+02
 1502   2.3493896057E+02
 1503   2.2921525493E+02
 1504   2.2395273401E+02
 1505   2.1911179769E+02
 1506   2.1465664175E+02
 1507   2.1055443502E+02
 1508   2.0677452327E+02
 1509   2.0328761699E+02
 1510   2.0006491339E+02
 1511   1.9707709120E+02
 1512   0.0000000000E+00
 1513   0.0000000000E+00
 1514   4.4894717538E+03
 1515   2.8463524631E+03
 1516   2.0709139628E+03
 1517   1.6205038677E+03
 1518   1.3268419800E+03
 1519   1.1206736288E+03
 1520   9.6827611578E+02
 1521   8.5126506103E+02
 1522   7.5876657010E+02
 1523   6.8393901227E+02
 1524   6.2226373041E+02
 1525   5.7063715252E+02
 1526   5.2685773565E+02
 1527   4.8932096754E+02
 1528   4.5683023263E+02
 1529   4.2847525617E+02
 1530   4.0355154456E+02
 1531   3.8150555308E+02
 1532   3.6189648224E+02
 1533   3.4436910418E+02
 1534   3.2863407504E+02
 1535   3.1445343339E+02
 1536   3.0162975742E+02
 1537   2.8999794661E+02
 1538   2.7941891389E+02
 1539   2.6977468734E+02
 1540   2.6096456402E+02
 1541   2.5290205762E+02
 1542   2.4551244986E+02
 1543   2.3873080430E+02
 1544   2.3250033528E+02
 1545   2.2677104938E+02
 1546   2.2149859393E+02
 1547   2.1664325919E+02
 1548   2.1216908875E+02
 1549   2.0804305684E+02
 1550   2.0423427236E+02
 1551   2.0071316737E+02
 1552   1.9745062102E+02
 1553   1.9441695872E+02
 1554   0.0000000000E+00
 1555   0.0000000000E+00
 1556   4.4173351281E+03
 1557   2.8161812354E+03
 1558   2.0538524711E+03
 1559   1.6090978453E+03
 1560   1.3183621553E+03
 1561   1.1138992498E+03
 1562   9.6258403904E+02
 1563   8.4630554511E+02
 1564   7.5432862841E+02
 1565   6.7988785046E+02
 1566   6.1850907459E+02
 1567   5.6711608902E+02
 1568   5.2352488457E+02
 1569   4.8614259058E+02
 1570   4.5378055909E+02
 1571   4.2553411348E+02
 1572   4.0070278419E+02
 1573   3.7873597703E+02
 1574   3.5919509335E+02
 1575   3.4172657102E+02
 1576   3.2604234221E+02
 1577   3.1190543212E+02
 1578   2.9911918669E+02
 1579   2.8751910444E+02
 1580   2.7696656487E+02
 1581   2.6734395648E+02
 1582   2.5855085008E+02
 1583   2.5050096057E+02
 1584   2.4311970891E+02
 1585   2.3634224355E+02
 1586   2.3011181493E+02
 1587   2.2437842076E+02
 1588   2.1909765720E+02
 1589   2.1422972270E+02
 1590   2.0973852941E+02
 1591   2.0559088121E+02
 1592   2.0175567857E+02
 1593   1.9820310835E+02
 1594   1.9490377045E+02
 1595   1.9182768239E+02
 1596   0.0000000000E+00
 1597   0.0000000000E+00
 1598   4.3474800190E+03
 1599   2.7866429264E+03
 1600   2.0370698088E+03
 1601   1.5978512648E+03
 1602   1.3099900311E+03
 1603   1.1072062798E+03
 1604   9.5695849371E+02
 1605   8.4140348326E+02
 1606   7.4994229890E+02
 1607   6.7588439837E+02
 1608   6.1479945719E+02
 1609   5.6363821183E+02
 1610   5.2023393502E+02
 1611   4.8300523735E+02
 1612   4.5077133311E+02
 1613   4.2263307275E+02
 1614   3.9789396195E+02
 1615   3.7600632316E+02
 1616   3.5653373487E+02
 1617   3.3912428424E+02
 1618   3.2349116828E+02
 1619   3.0939839161E+02
 1620   2.9665006370E+02
 1621   2.8508228037E+02
 1622   2.7455688792E+02
 1623   2.6495663735E+02
 1624   2.5618137681E+02
 1625   2.4814502761E+02
 1626   2.4077315665E+02
 1627   2.3400100560E+02
 1628   2.2777187098E+02
 1629   2.2203575356E+02
 1630   2.1674821230E+02
 1631   2.1186937021E+02
 1632   2.0736302718E+02
 1633   2.0319583910E+02
 1634   1.9933652403E+02
 1635   1.9575505401E+02
 1636   1.9242178518E+02
 1637   1.8930646839E+02
 1638   0.0000000000E+00
 1639   0.0000000000E+00
 1640   4.2797998729E+03
 1641   2.7577178274E+03
 1642   2.0205591961E+03
 1643   1.5867608061E+03
 1644   1.3017235686E+03
 1645   1.1005932601E+03
 1646   9.5139832010E+02
 1647   8.3655788288E+02
 1648   7.4560668643E+02
 1649   6.7192781814E+02
 1650   6.1113407266E+02
 1651   5.6020273128E+02
 1652   5.1698410173E+02
 1653   4.7990811869E+02
 1654   4.4780175531E+02
 1655   4.1977131935E+02
 1656   3.9512424383E+02
 1657   3.7331573447E+02
 1658   3.5391152357E+02
 1659   3.3656133136E+02
 1660   3.2097960858E+02
 1661   3.0693133203E+02
 1662   2.9422137046E+02
 1663   2.8268641501E+02
 1664   2.7218877888E+02
 1665   2.6261157726E+02
 1666   2.5385493892E+02
 1667   2.4583299632E+02
 1668   2.3847146846E+02
 1669   2.3170569790E+02
 1670   2.2547903650E+02
 1671   2.1974149906E+02
 1672   2.1444862031E+02
 1673   2.0956046296E+02
 1674   2.0504073229E+02
 1675   2.0085595674E+02
 1676   1.9697469592E+02
 1677   1.9336673488E+02
 1678   1.9000221830E+02
 1679   1.8685066788E+02
 1680   0.0000000000E+00
 1681   0.0000000000E+00
 1682   4.2141946695E+03
 1683   2.7293870392E+03
 1684   2.0043140713E+03
 1685   1.5758232408E+03
 1686   1.2935607799E+03
 1687   1.0940587667E+03
 1688   9.4590238530E+02
 1689   8.3176777405E+02
 1690   7.4132091642E+02
 1691   6.6801729140E+02
 1692   6.0751213457E+02
 1693   5.5680887680E+02
 1694   5.1377461894E+02
 1695   4.7685046557E+02
 1696   4.4487104723E+02
 1697   4.1694806057E+02
 1698   3.9239281887E+02
 1699   3.7066337829E+02
 1700   3.5132760200E+02
 1701   3.3403682724E+02
 1702   3.1850674753E+02
 1703   3.0450330457E+02
 1704   2.9183212201E+02
 1705   2.8033048432E+02
 1706   2.6986117135E+02
 1707   2.6030766398E+02
 1708   2.5157037453E+02
 1709   2.4356365089E+02
 1710   2.3621336988E+02
 1711   2.2945498198E+02
 1712   2.2323190298E+02
 1713   2.1749417188E+02
 1714   2.1219731114E+02
 1715   2.0730133716E+02
 1716   2.0276987688E+02
 1717   1.9856935027E+02
 1718   1.9466818044E+02
 1719   1.9103599092E+02
 1720   1.8764274445E+02
 1721   1.8445776772E+02
 1722   0.0000000000E+00
 1723   0.0000000000E+00
 1724   0.0000000000E+00
 1725   0.0000000000E+00
 1726   0.0000000000E+00
 1727   0.0000000000E+00
 1728   0.0000000000E+00
 1729   0.0000000000E+00
 1730   0.0000000000E+00
 1731   0.0000000000E+00
 1732   0.0000000000E+00
 1733   0.0000000000E+00
 1734   0.0000000000E+00
 1735   0.0000000000E+00
 1736   0.0000000000E+00
 1737   0.0000000000E+00
 1738   0.0000000000E+00
 1739   0.0000000000E+00
 1740   0.0000000000E+00
 1741   0.0000000000E+00
 1742   0.0000000000E+00
 1743   0.0000000000E+00
 1744   0.0000000000E+00
 1745   0.0000000000E+00
 1746   0.0000000000E+00
 1747   0.0000000000E+00
 1748   0.0000000000E+00
 1749   0.0000000000E+00
 1750   0.0000000000E+00
 1751   0.0000000000E+00
 1752   0.0000000000E+00
 1753   0.0000000000E+00
 1754   0.0000000000E+00
 1755   0.0000000000E+00
 1756   0.0000000000E+00
 1757   0.0000000000E+00
 1758   0.0000000000E+00
 1759   0.0000000000E+00
 1760   0.0000000000E+00
 1761   0.0000000000E+00
 1762   0.0000000000E+00
 1763   0.0000000000E+00
 1764   0.0000000000E+00
